1.000000000000000000e+00 0.000000000000000000e+00 0.000000000000000000e+00 0.000000000000000000e+00 0.000000000000000000e+00 1.000000000000000000e+00 0.000000000000000000e+00 0.000000000000000000e+00 0.000000000000000000e+00 0.000000000000000000e+00 1.000000000000000000e+00 0.000000000000000000e+00
9.999999756767036230e-01 -7.437525248573191225e-05 -2.076413109009920166e-04 -3.843306811907106651e-04 7.436749731577677709e-05 9.999999965369892330e-01 -3.735634889728007136e-05 7.098469256327207336e-03 2.076440885698090859e-04 3.734090622401945543e-05 9.999999777447943217e-01 4.068503317605892330e-03
9.999999841411939538e-01 -1.667378275757549404e-04 -6.257882014386212150e-05 1.137046812691726262e-03 1.667367272901550590e-04 9.999999859447770145e-01 -1.758720131535936786e-05 8.427467960078666859e-03 6.258175171604331050e-05 1.757676684877889002e-05 9.999999978872907702e-01 3.672126507022051463e-03
9.999999861049411187e-01 -1.548374786378506893e-04 -6.176951396936012511e-05 -3.071436806930466978e-04 1.548365563313532382e-04 9.999999879012794191e-01 -1.493592171657855655e-05 4.699641175024365722e-03 6.177182586248777362e-05 1.492635733021376734e-05 9.999999979807226991e-01 1.800794049728914438e-03
9.999999998847454163e-01 -3.287799111735334233e-06 1.482226637602278979e-05 3.312137092877567336e-03 3.286221086163785278e-06 9.999999943275275083e-01 1.064619445042187828e-04 4.598338767755938324e-05 -1.482261631743046720e-05 -1.064618957827042484e-04 9.999999942230773931e-01 -5.253526939424970656e-03
9.999999944550486131e-01 1.559782120014999155e-05 1.041470630357721087e-04 2.303931122470018449e-03 -1.559261981060925902e-05 9.999999986312653188e-01 -4.994336374120760430e-05 4.228388403500093172e-03 -1.041478419008801646e-04 4.994173953871577671e-05 9.999999933295248278e-01 -4.077101780062721524e-03
9.999999984873985115e-01 -5.439540915934310174e-05 8.145089014802315024e-06 -3.500380448614038697e-04 5.439518574128497278e-05 9.999999981444480657e-01 2.742749679753961643e-05 3.096118460989260787e-03 -8.146580929599197694e-06 -2.742705370242290696e-05 9.999999995906949657e-01 7.788335279703106342e-04
9.999999867171928125e-01 3.463337382538360398e-05 -1.592675224669981777e-04 -6.006923144271515691e-03 -3.463401264981441071e-05 9.999999993922095154e-01 -4.008258770148841859e-06 -1.090700623235931832e-03 1.592673835506725236e-04 4.013774790295739687e-06 9.999999873088949442e-01 2.919911721145303490e-03
9.999999605316525209e-01 2.890443793642775010e-06 -2.809418779402059326e-04 -1.591904393789734650e-03 -2.875323859789509739e-06 9.999999985476176745e-01 5.381911465237330992e-05 -6.732182971740489907e-04 2.809420330932968285e-04 -5.381830472933693012e-05 9.999999590875812139e-01 2.127572743590794725e-03
9.999999530222639654e-01 -1.487465455256239638e-05 -3.061604391495801811e-04 4.385790802103588931e-03 1.494035222753733796e-05 9.999999768651161025e-01 2.145846060872928795e-04 6.470048226629956066e-03 3.061572401947061282e-04 -2.145891701513929226e-04 9.999999301096137438e-01 5.600515082052502300e-03
9.999999523861820006e-01 6.462492532819680703e-05 -3.017470012550016326e-04 1.399518196779848261e-02 -6.457419784642990821e-05 9.999999837830292337e-01 1.681193455427949465e-04 6.378678594313430539e-03 3.017578610617312933e-04 -1.680998524674323961e-04 9.999999403423146527e-01 2.796512936072017771e-03
9.999999609874027362e-01 2.550805291373371675e-04 -1.138381159750185190e-04 2.824938168430439142e-02 -2.550734283142142033e-04 9.999999655227248541e-01 6.238665896342632830e-05 2.107625111926045812e-03 1.138540256721699812e-04 -6.235761945104613478e-05 9.999999915743940093e-01 -4.931940939723124945e-03
9.999998333609073642e-01 5.739981862172518394e-04 -6.167851859471681290e-05 4.624521212831411709e-02 -5.739988930723308657e-04 9.999998351971480792e-01 -1.144322170089411900e-05 -5.660182563729994907e-04 6.167194004142026106e-05 1.147862319540574578e-05 9.999999980324064675e-01 -5.734680623896462083e-03
9.999995395488033845e-01 9.377722453919459323e-04 -2.036796430666675559e-04 7.256724315674187298e-02 -9.377508577212641293e-04 9.999995547910244253e-01 1.050765518017383302e-04 6.747663737913555011e-03 2.037780902605835121e-04 -1.048855026591281707e-04 9.999999737367603059e-01 -5.033988440000976283e-03
9.999989734357148663e-01 1.412334305244136723e-03 -2.417422730375972284e-04 1.035417989998937277e-01 -1.412262402421073527e-03 9.999989585488191501e-01 2.973485897755824428e-04 4.589706978269254486e-03 2.421619768887775406e-04 -2.970068810048530502e-04 9.999999265722421260e-01 -9.989119537798806653e-03
9.999975434653265438e-01 2.126226422872674101e-03 -6.262783015776303506e-04 1.470313765582432486e-01 -2.125897866016146238e-03 9.999976025596502005e-01 5.248173160418169707e-04 -5.233919504596959774e-03 6.273926805573092373e-04 -5.234846231050266190e-04 9.999996661710811585e-01 -9.531377529756570807e-03
9.999942698986918899e-01 3.161505875900094426e-03 -1.210392654787615426e-03 1.875854906558790114e-01 -3.160434676698011588e-03 9.999946134081100224e-01 8.858935708225939556e-04 -1.154570413071723430e-02 1.213186892625935402e-03 -8.820631276440734671e-04 9.999988750704684737e-01 -8.838747425159469359e-04
9.999896863995122454e-01 4.285182821692892774e-03 -1.504760043945597330e-03 2.424363118607764933e-01 -4.283641546461672278e-03 9.999902988225796152e-01 1.025999916825881585e-03 -1.526799438930998010e-02 1.509142043220076598e-03 -1.019543482430938005e-03 9.999983415093151029e-01 -1.440293262269167797e-03
9.999877845905076335e-01 4.853103873049930198e-03 -9.370445911959066239e-04 3.082118164971515140e-01 -4.852594507755736766e-03 9.999880775265236332e-01 5.450975607789040282e-04 -8.382577973928856396e-03 9.396788343900279884e-04 -5.405438047522261123e-04 9.999994124078690483e-01 -2.873192689214796019e-03
9.999842962790381762e-01 5.513376471419812429e-03 -1.004925470440180130e-03 3.955033094082354150e-01 -5.513040682780565895e-03 9.999847464226661042e-01 3.366072284483554995e-04 -1.111295028257817952e-02 1.006765984105238883e-03 -3.310617474606670444e-04 9.999994384100285849e-01 -2.405270644979622813e-03
9.999766654033613866e-01 6.612768144619556553e-03 -1.714627142918156511e-03 5.031293008490064222e-01 -6.611199606151171686e-03 9.999777236213512888e-01 9.188584374696334798e-04 -2.061221097041134737e-02 1.720665145039393384e-03 -9.075012539866705733e-04 9.999981078746762453e-01 -3.363316206893399423e-03
9.999695418147859227e-01 7.505973302495813973e-03 -2.139113720545346257e-03 6.186209134948825739e-01 -7.502641301717532032e-03 9.999706356992527079e-01 1.561445717966931847e-03 -2.852904860853012342e-02 2.150771076839080344e-03 -1.545349156215217743e-03 9.999964930337308378e-01 -2.375881109091890295e-03
9.999729326399087181e-01 7.088363897563173394e-03 -1.972076265325078872e-03 7.278743537687032417e-01 -7.085435881471729980e-03 9.999737912057597988e-01 1.487783569301859028e-03 -3.036405904952600016e-02 1.982570530924042049e-03 -1.473770278996917480e-03 9.999969487029721771e-01 3.075910184816300560e-03
9.999780797680966060e-01 6.436209827972991411e-03 -1.554086986134349405e-03 8.254702729591154586e-01 -6.434764752335034484e-03 9.999788613665273607e-01 9.330716401352148531e-04 -2.056465151337660835e-02 1.560059579719606012e-03 -9.230510028280407894e-04 9.999983570941274325e-01 4.834646342285050190e-04
9.999790993147434914e-01 6.398943489031430620e-03 -9.243678372842136903e-04 9.078163067668704178e-01 -6.398472853019660650e-03 9.999793988941519940e-01 5.112068462372711727e-04 -2.281720044183596294e-02 9.276199780048334466e-04 -5.052816191508094010e-04 9.999994421056752625e-01 -2.381488684158142213e-03
9.999839079090833138e-01 5.645307770181031380e-03 -5.607343915160978775e-04 1.011221931428836429e+00 -5.645362413608859091e-03 9.999840602147451740e-01 -9.591481631591425544e-05 -3.773081854257948065e-02 5.601839848724883726e-04 9.907882170385266785e-05 9.999998381886320287e-01 -4.653301538708630967e-03
9.999860374031035448e-01 5.238850354617898171e-03 -6.924202486887985186e-04 1.107806573899517977e+00 -5.238863203034216896e-03 9.999862769218386127e-01 -1.674334933601647277e-05 -3.015967981959015790e-02 6.923230306499986034e-04 2.037061051727054081e-05 9.999997601369009503e-01 -1.384882398702484479e-03
9.999846404892477336e-01 5.407881514330067051e-03 -1.213920556304486044e-03 1.208379921901882259e+00 -5.407243052971601009e-03 9.999852410343221809e-01 5.286171531456196641e-04 -3.774603537655649241e-03 1.216761339023313994e-03 -5.220450703498351764e-04 9.999991234800100770e-01 -2.248370029797581906e-03
9.999862353275110749e-01 4.952603489687312267e-03 -1.732303144819642531e-03 1.307883655046668370e+00 -4.950425126960132129e-03 9.999869533517482534e-01 1.259530607329404023e-03 6.362403265872682359e-03 1.738518499751074819e-03 -1.250937633287477072e-03 9.999977063516014564e-01 -6.769752399032957259e-03
9.999892759655997221e-01 4.299837771071371613e-03 -1.720275832014328370e-03 1.438377098372032759e+00 -4.297941127203813889e-03 9.999901536160091808e-01 1.104704982129771362e-03 -1.296075221568986080e-02 1.725008945725968988e-03 -1.097299490986991879e-03 9.999979101367983958e-01 -4.597885031751129843e-03
9.999905012066366838e-01 4.083927554677481246e-03 -1.522836901190705895e-03 1.553786199428453196e+00 -4.082681658678584229e-03 9.999913293268707370e-01 8.203545280884257714e-04 -2.083220595157718805e-02 1.526173965631571474e-03 -8.141294774246286099e-04 9.999985039919913055e-01 5.358994311986332339e-03
9.999914603535492441e-01 3.813153286598487679e-03 -1.593449713310401668e-03 1.656304470787746119e+00 -3.812064750402350058e-03 9.999924990214500431e-01 6.856115327756985914e-04 -1.746400926727710579e-02 1.596052102747815178e-03 -6.795313444119567819e-04 9.999984954262867154e-01 1.288474588224461370e-02
9.999930796140727995e-01 3.357648390046160270e-03 -1.602161431125950211e-03 1.765188061537198205e+00 -3.356699592690306436e-03 9.999941895398347658e-01 5.945203222049820621e-04 -4.455811591760294038e-03 1.604148312033477734e-03 -5.891382332716262006e-04 9.999985398111014279e-01 1.984293686545783239e-02
9.999937514910068881e-01 2.944278165526806063e-03 -1.956579931002094385e-03 1.897192530947496847e+00 -2.943015521199902895e-03 9.999954594333152480e-01 6.478984448419838286e-04 -2.404439810009889426e-03 1.958478640265071038e-03 -6.421361513373173178e-04 9.999978760090336705e-01 5.693651743673274097e-03
9.999928736517983419e-01 2.992391786461116778e-03 -2.301789958866985644e-03 2.060467841444408421e+00 -2.989991674544311036e-03 9.999949834785831770e-01 1.045450837876822029e-03 -1.778578406559188155e-02 2.304906810388771508e-03 -1.038561054816561791e-03 9.999968043926594774e-01 5.557342718657379971e-03
9.999925648203428219e-01 3.205622404647402376e-03 -2.143429269019638678e-03 2.230933931768258827e+00 -3.202873587168839336e-03 9.999940456273226363e-01 1.284644186043963155e-03 -1.214672311827396690e-02 2.147534590427746613e-03 -1.277769501491936950e-03 9.999968776952675720e-01 1.186940575919179404e-02
9.999926540032001432e-01 3.236298358042419363e-03 -2.053853104244872732e-03 2.377615785652377856e+00 -3.235050014922210768e-03 9.999945806501889800e-01 6.108368469865280235e-04 -5.341738205233351536e-03 2.055818823981375373e-03 -6.041880422654694136e-04 9.999977042802511429e-01 1.088806832068724313e-02
9.999944628454069395e-01 2.687264055770527058e-03 -1.962878096207240457e-03 2.483835135254608417e+00 -2.686470009798421887e-03 9.999963085852825451e-01 4.070561321754405013e-04 -1.933649523740186421e-02 1.963964717722824216e-03 -4.017806651043577299e-04 9.999979907054237227e-01 1.537115778621693171e-02
9.999939389696841374e-01 2.348735242025765980e-03 -2.570110242473482281e-03 2.636908525858611352e+00 -2.347693975443031992e-03 9.999971608951049307e-01 4.080866664922574842e-04 -3.724952790349066178e-02 2.571061433196302967e-03 -4.020503607341210559e-04 9.999966139935745346e-01 1.987616079820187648e-02
9.999946298925533883e-01 9.532386747200875506e-04 -3.135525806635796903e-03 2.800173860188508002e+00 -9.518665329140443788e-04 9.999994505816535151e-01 4.390745889795601826e-04 -2.170148449947963479e-02 3.135942626799695116e-03 -4.360876290234153734e-04 9.999949878331496622e-01 1.481825415962102072e-02
9.999916952662919467e-01 -1.882588011605380862e-03 -3.614589994199295022e-03 2.980473352599949610e+00 1.885221340449262824e-03 9.999979599680203224e-01 7.252587780699520014e-04 5.371153392008299124e-03 3.613217256839207619e-03 -7.320670571829697134e-04 9.999932043463488629e-01 1.589673501279944418e-02
9.999736817889175455e-01 -6.265817130806662291e-03 -3.657220966806488689e-03 3.162578603509920594e+00 6.268988678752549469e-03 9.999799829941143914e-01 8.563831131284758286e-04 7.681508846375669289e-03 3.651781820212096803e-03 -8.792876514935431135e-04 9.999929456464997646e-01 1.655456333980060563e-02
9.999300841726285194e-01 -1.129729843652024432e-02 -3.492536979955905996e-03 3.333648265270109157e+00 1.130094657716014875e-02 9.999356152883803750e-01 1.026588675330836978e-03 2.295539609657703747e-02 3.480714435332865446e-03 -1.065985874363468977e-03 9.999933741286165523e-01 3.001817018438525039e-02
9.998563212304115710e-01 -1.644007529581407306e-02 -4.130474531589109835e-03 3.510663830779821470e+00 1.645016429519795265e-02 9.998617568624480478e-01 2.420590547753411013e-03 2.359766902429345087e-02 4.090108830964882258e-03 -2.488189744943604224e-03 9.999885398951050552e-01 2.857891889269321278e-02
9.997416364896729579e-01 -2.221916221920106072e-02 -4.792608812264699363e-03 3.693355050301061926e+00 2.223383872492078195e-02 9.997482027610512523e-01 3.031087527962343566e-03 4.010455006340284817e-02 4.724053821114017684e-03 -3.136862496952037924e-03 9.999839215753273391e-01 1.566868215004781767e-02
9.996264487587499525e-01 -2.675213579926751656e-02 -5.593404343326242173e-03 3.885638710213398017e+00 2.676956743432291896e-02 9.996369316144863015e-01 3.065160967081035411e-03 4.481557211656782280e-02 5.509373952603819312e-03 -3.213748987153257786e-03 9.999796591011729241e-01 1.005625476965647802e-02
9.994652255986324896e-01 -3.215342604890821659e-02 -5.951471447649500646e-03 4.073077523886783347e+00 3.216843298635211484e-02 9.994794758397054224e-01 2.443213946885878368e-03 4.964022994821367524e-02 5.869815864008838882e-03 -2.633356889043919537e-03 9.999793051324700199e-01 1.826649599139566066e-02
9.992771992688538329e-01 -3.761025968521779228e-02 -5.526969133791775034e-03 4.279540135986875882e+00 3.762403426846304411e-02 9.992890598868006125e-01 2.409737728402115437e-03 9.048022416475347274e-02 5.432408927991677974e-03 -2.615942844300674953e-03 9.999818227229305689e-01 3.582339686789413197e-02
9.990749124795320624e-01 -4.261781856267340962e-02 -5.748112296601570227e-03 4.512867401817316271e+00 4.263250797136652892e-02 9.990877986438454483e-01 2.457613693479645655e-03 1.259195754349689556e-01 5.638130726283423905e-03 -2.700396629026852614e-03 9.999804594790636658e-01 2.831950766649184853e-02
9.989268638019511704e-01 -4.576081126864884469e-02 -7.146252642689929560e-03 4.745576588536891016e+00 4.578325759976085291e-02 9.989468634007139247e-01 3.009555686385411745e-03 1.293626800045918346e-01 7.001006952716996162e-03 -3.333504748851552537e-03 9.999699363719578571e-01 1.080026786875436587e-02
9.988048513713412291e-01 -4.818447826361889341e-02 -8.192980625868406461e-03 4.985447957411681230e+00 4.821415814232395125e-02 9.988310131561842775e-01 3.464406445196105411e-03 1.142002900765401868e-01 8.016472522250234559e-03 -3.855283628136627061e-03 9.999604356955562601e-01 6.554081774641264992e-03
9.986722589827848884e-01 -5.093917840556251575e-02 -7.675887022865744182e-03 5.216751343649085548e+00 5.096904481858434421e-02 9.986932052411577887e-01 3.746768664307916549e-03 1.377192435902466483e-01 7.474998896499246426e-03 -4.133026555561133270e-03 9.999635205761200352e-01 1.064140245248892599e-02
9.985411101375575305e-01 -5.352034968300030393e-02 -7.157061901621518916e-03 5.446033098374527093e+00 5.354791756378883549e-02 9.985583622670237691e-01 3.717212824285915686e-03 1.795353058985233730e-01 6.947797480924979875e-03 -4.095035580886987291e-03 9.999674788680656956e-01 1.802292531636422515e-02
9.984555233732355095e-01 -5.509664119645274472e-02 -7.136383842522081231e-03 5.697467014211950342e+00 5.512102937421815840e-02 9.984743358463500362e-01 3.266921626996358800e-03 1.913713310041710858e-01 6.945499708807307063e-03 -3.655240766311346548e-03 9.999691991500214705e-01 2.026829706255872665e-02
9.983787931608194555e-01 -5.648408288268686600e-02 -7.023798662226110254e-03 5.957973892859701692e+00 5.650904965066769897e-02 9.983962694494312728e-01 3.408292393139427962e-03 2.082281297869450765e-01 6.820020111707935859e-03 -3.799675033541771978e-03 9.999695244332775790e-01 3.056619108698119605e-02
9.983186091511954130e-01 -5.743168119616627598e-02 -7.845802534134024148e-03 6.206078284758614672e+00 5.745761119430171926e-02 9.983430705006074435e-01 3.120336402337442472e-03 2.282277173109117929e-01 7.653596426984970308e-03 -3.565890968778899928e-03 9.999643528063045794e-01 2.714586498585902508e-02
9.983661401740431263e-01 -5.647175240618994285e-02 -8.717300852718828583e-03 6.464017025399449778e+00 5.651501263967761979e-02 9.983902182544399651e-01 4.798483113324487903e-03 2.277085092427177104e-01 8.432289150634623628e-03 -5.283301432415370667e-03 9.999504903872262762e-01 1.985324303893606229e-02
9.984658653598043054e-01 -5.460853794963348162e-02 -9.155506228523803067e-03 6.756431607883719437e+00 5.466666974524596323e-02 9.984852616169195283e-01 6.223949931993071581e-03 2.217672510567534339e-01 8.801757225765063225e-03 -6.714902590148811787e-03 9.999387176987115655e-01 2.523318894677367349e-02
9.985723786032174587e-01 -5.266418750512616431e-02 -8.926816069434158687e-03 7.053122520739120382e+00 5.271837061318228324e-02 9.985917117816425215e-01 5.946979140732181791e-03 2.363307277224483693e-01 8.601051714979534094e-03 -6.409096304008793377e-03 9.999424710421905838e-01 4.345934989072081089e-02
9.986582620493397178e-01 -5.098348561590600875e-02 -9.075231955445735993e-03 7.350693733030215782e+00 5.103309403434801855e-02 9.986827863112506254e-01 5.321244110015110884e-03 2.665770336734108459e-01 8.791982363143768797e-03 -5.777241560613759208e-03 9.999446607318209779e-01 5.131653011453398555e-02
9.987196631009841452e-01 -4.979435976689303850e-02 -8.919432205132140148e-03 7.638806018982101875e+00 4.983897268821243370e-02 9.987454843716148112e-01 4.851211054190180359e-03 2.797351006449790844e-01 8.666679689497006414e-03 -5.289535207738530094e-03 9.999484534116974688e-01 5.608664619062483925e-02
9.987938696615002998e-01 -4.838140878638603343e-02 -8.369301670423569955e-03 7.933432177453126677e+00 4.842714594221003005e-02 9.988123825575310200e-01 5.351260191797818123e-03 2.918016288516667167e-01 8.100460634916806929e-03 -5.750107267959268451e-03 9.999506581846472342e-01 4.148218711950473619e-02
9.988921459704466210e-01 -4.657633735492789501e-02 -6.717552914258037230e-03 8.245247602914252738e+00 4.661341535530743457e-02 9.988980118878358905e-01 5.472783153247151242e-03 2.983540634324709506e-01 6.455248056387686423e-03 -5.779848192541522413e-03 9.999624608591073383e-01 1.787528016801610137e-02
9.989560419884842002e-01 -4.534826611901248555e-02 -5.510075743685430641e-03 8.570950467590991551e+00 4.537917976320653829e-02 9.989540191772126043e-01 5.621175474199958770e-03 3.341641724017306303e-01 5.249401748819743085e-03 -5.865349920711117326e-03 9.999690202459209365e-01 2.020128290058930201e-02
9.990115205306721036e-01 -4.416356065478704851e-02 -5.055863653760135287e-03 8.934184829397805672e+00 4.419112676056252687e-02 9.990080816990288826e-01 5.476953136411267381e-03 3.697082249881900040e-01 4.808966898031429189e-03 -5.694963592288891478e-03 9.999722202276701832e-01 3.573061237282335045e-02
9.990494306261360480e-01 -4.323043285572792521e-02 -5.600432188663149145e-03 9.283140251430058498e+00 4.327165064414522505e-02 9.990354883682281972e-01 7.460377429244297899e-03 3.704438911226468067e-01 5.272515161140899423e-03 -7.695625768066650420e-03 9.999564880173104076e-01 5.361779599995415702e-02
9.990347107632338020e-01 -4.346086733860963364e-02 -6.387464316745205400e-03 9.622685004402027786e+00 4.352298554676729131e-02 9.990030661013660218e-01 9.930944021875859340e-03 3.689508154058748768e-01 5.949488996359623451e-03 -1.019935930563880579e-02 9.999302858951901740e-01 5.129748957234479129e-02
9.990396598567081732e-01 -4.365748630145335762e-02 -3.712401275643291768e-03 9.956489537834984915e+00 4.368971604287359700e-02 9.990037422787425569e-01 9.095692670752310305e-03 3.970728729663035583e-01 3.311607689032427301e-03 -9.249151469519597407e-03 9.999517420613895924e-01 2.561382827101926427e-02
9.989931249984392858e-01 -4.485881725472908726e-02 -6.501694852464471111e-04 1.032163259810078948e+01 4.486227014364551485e-02 9.989687429104707750e-01 6.987660941422921962e-03 4.179258504209323322e-01 3.360407881460923500e-04 -7.009793319387902684e-03 9.999753746338997384e-01 9.854439926349694429e-03
9.988764378529134680e-01 -4.738613468643264326e-02 6.450905005689305631e-04 1.070523696090235966e+01 4.737861162227230416e-02 9.988380088023776082e-01 8.826059848396733756e-03 4.315320364148928500e-01 -1.062573771812242406e-03 -8.785579729355485687e-03 9.999608414962051217e-01 3.338284190900439596e-02
9.986653302007904021e-01 -5.161522702658492140e-02 1.851106139696183589e-03 1.109626079622665351e+01 5.158769214764900163e-02 9.985877997594549971e-01 1.269315525982735518e-02 4.652770742855645847e-01 -2.503652097580109231e-03 -1.258071979517811322e-02 9.999177252232352986e-01 3.898742737232023525e-02
9.983445253663094654e-01 -5.737710959371759151e-02 4.009484479190957538e-03 1.147613870108597034e+01 5.731603952958794906e-02 9.982583057375438162e-01 1.397235265269861429e-02 5.079641476132682465e-01 -4.804194392514102296e-03 -1.371941400640652037e-02 9.998943431160913775e-01 1.178250404415401818e-02
9.979583716460119769e-01 -6.368126333414540763e-02 4.877003363504226266e-03 1.184179090614290963e+01 6.361362597323905188e-02 9.978905206805392947e-01 1.295435550149215236e-02 5.334678573971805005e-01 -5.691665149782632743e-03 -1.261766365415647843e-02 9.999041951665835759e-01 -2.046291464608168686e-02
9.974640753015959760e-01 -7.113131673802192134e-02 2.398804253657571984e-03 1.219644977620820825e+01 7.110192096832063102e-02 9.974119148389910539e-01 1.067656179826185006e-02 5.219502881045390286e-01 -3.152033842909743571e-03 -1.047892725104156847e-02 9.999401265907477132e-01 1.806301104802173277e-02
9.967491033467398287e-01 -8.053385092614052942e-02 -2.350283488510445957e-03 1.255407083599271623e+01 8.054688444780809531e-02 9.967320915941624282e-01 6.110400320581973500e-03 5.473114120060343923e-01 1.850508908825451151e-03 -6.279844053198355147e-03 9.999785693580867107e-01 6.119488881544087738e-02
9.957019788960528306e-01 -9.243225816054426169e-02 -5.817806616508039083e-03 1.293115091220471413e+01 9.246248919277683109e-02 9.957027929554316259e-01 5.161026354191431374e-03 6.049801936516735479e-01 5.315760976587647658e-03 -5.676773035407628627e-03 9.999697580092831162e-01 8.916796708125380999e-02
9.943574971190027867e-01 -1.056914006681933804e-01 -9.082716995913417066e-03 1.329910802139760229e+01 1.057666653251153610e-01 9.943567657022314155e-01 8.248333662184942350e-03 6.902200288736410894e-01 8.159683157910217061e-03 -9.162441104482150697e-03 9.999247317892329123e-01 6.612408600729718922e-02
9.926717426816241696e-01 -1.201418938105829476e-01 -1.298986655181976098e-02 1.363851624574061461e+01 1.202811530597596296e-01 9.926840376024482770e-01 1.052832882825332529e-02 7.442654508294909155e-01 1.162993981249052164e-02 -1.201361065241269080e-02 9.998601990573732223e-01 3.288586405218314052e-02
9.903117658380132804e-01 -1.374829063665662099e-01 -1.952067877400648008e-02 1.399404467191317281e+01 1.376780241911555180e-01 9.904359275208645119e-01 9.024141549438863610e-03 7.914526188008964569e-01 1.809331637968981596e-02 -1.162428203747242761e-02 9.997687272412043580e-01 -3.742980806825990485e-03
9.875963185150594681e-01 -1.553991699560690332e-01 -2.246351781146696536e-02 1.437319533967883523e+01 1.555852499381659426e-01 9.877992198227052434e-01 6.777264885884411692e-03 8.538566273008815211e-01 2.113626403080165819e-02 -1.018819388408835798e-02 9.997246916267500394e-01 3.774099704835841979e-02
9.844247199071359811e-01 -1.748883179413140976e-01 -1.794567032503537052e-02 1.473989873444130971e+01 1.749667874764783693e-01 9.845701013276599856e-01 2.887707014639129960e-03 9.362833353088403365e-01 1.716374422781528214e-02 -5.982626454943403699e-03 9.998347933857787417e-01 8.565532125305963529e-02
9.803802412678100930e-01 -1.967264680241469221e-01 -1.238060218305006045e-02 1.507066077323199238e+01 1.967506305295491364e-01 9.804532740398529400e-01 7.528683535764603895e-04 1.026130984627462439e+00 1.199049281287012901e-02 -3.173988543972800381e-03 9.999230739806074242e-01 9.361330974967776997e-02
9.752286204504515554e-01 -2.208985481004111240e-01 -1.153123156646577128e-02 1.541135309876715986e+01 2.209526793852431836e-01 9.752777482964481992e-01 3.636914941502538898e-03 1.120074197620369638e+00 1.044276432708506237e-02 -6.094680052319463755e-03 9.999268991022637332e-01 1.051607520507980009e-01
9.690590487002981313e-01 -2.463692096143969001e-01 -1.505897360548179818e-02 1.576220063070924482e+01 2.464963953656628126e-01 9.691166482695359186e-01 7.242176368717005187e-03 1.225743010324132909e+00 1.280965275907505925e-02 -1.073007925404660494e-02 9.998603793507340187e-01 8.921919659534016667e-02
9.622303975190970027e-01 -2.716204527430563509e-01 -1.830277962216958834e-02 1.613202354930445637e+01 2.717709564528384414e-01 9.623415872742221433e-01 6.262318359850430928e-03 1.325857726313294460e+00 1.591255224500523133e-02 -1.099995700845257142e-02 9.998128783061669411e-01 6.773991194898926205e-02
9.549014911052111643e-01 -2.963665485418753298e-01 -1.816621012816574399e-02 1.649628862185225486e+01 2.964449833611207397e-01 9.550483707114937326e-01 1.726685074405045648e-03 1.454646575923722374e+00 1.683787768898712539e-02 -7.034096011397206194e-03 9.998334898212967170e-01 1.071833115575647616e-01
9.466638891884089357e-01 -3.217715014574503707e-01 -1.704645876696129006e-02 1.684950257475493629e+01 3.217349496579695600e-01 9.468169923323256354e-01 -4.919877981451682529e-03 1.606704206142717029e+00 1.772295334473045561e-02 -8.269707289814756668e-04 9.998425941337736322e-01 1.421432030076483777e-01
9.371532130198219068e-01 -3.484651769835798163e-01 -1.777289386753055922e-02 1.718332940522556029e+01 3.484067872521645626e-01 9.373217035443516254e-01 -6.382371137696292267e-03 1.771368038777098475e+00 1.888295324489893540e-02 -2.109372341829613155e-04 9.998216788919083164e-01 1.616851055986737451e-01
9.262009178905588058e-01 -3.765028352489258601e-01 -1.993676875039170418e-02 1.749600206706491434e+01 3.764965482760520010e-01 9.264084489950654699e-01 -4.211266647407714211e-03 1.918983393716803043e+00 2.005514484876191883e-02 -3.605645583989412588e-03 9.997923736881662027e-01 1.455686711575021886e-01
9.140288534853460156e-01 -4.049877270980293265e-01 -2.315590413341573478e-02 1.782191474680786314e+01 4.050270955088626224e-01 9.142991735902857853e-01 -3.173810923015237158e-03 2.080078967998992834e+00 2.245677848486873560e-02 -6.477813835896158515e-03 9.997268282025790764e-01 1.268414325267249732e-01
9.006728519910225383e-01 -4.336522336313038406e-01 -2.709527547264424172e-02 1.817019299061843185e+01 4.337009015445890125e-01 9.010463468482851068e-01 -4.359911784695059099e-03 2.243155855406919752e+00 2.630478446534249837e-02 -7.824391218534232362e-03 9.996233476746585467e-01 1.509889281827383745e-01
8.858093264742536999e-01 -4.632530011886432653e-01 -2.717524647438982616e-02 1.852952083123824067e+01 4.631580161713553800e-01 8.862184960589559735e-01 -1.007121140760381013e-02 2.460651293692896147e+00 2.874872497074296845e-02 -3.665260252296659305e-03 9.995799501189684966e-01 1.676122246390436277e-01
8.693008799324491997e-01 -4.936810809599207484e-01 -2.439201613056127260e-02 1.888104672682361240e+01 4.934697566181269202e-01 8.696428648278062834e-01 -1.445292210358191734e-02 2.698609099208657991e+00 2.834747699383322744e-02 5.272156388654087493e-04 9.995979904900540447e-01 1.727929553556240283e-01
8.514286286248066160e-01 -5.240095773857023076e-01 -2.198301995037930251e-02 1.920576924307183475e+01 5.238241409299009277e-01 8.517122960967654643e-01 -1.394396129609080416e-02 2.915342253750474288e+00 2.602997766292568932e-02 3.570513033756618796e-04 9.996610989616602216e-01 1.806939890494994039e-01
8.326995882088492618e-01 -5.533163122225958075e-01 -2.127097612239898031e-02 1.947825849619996319e+01 5.532206536927900542e-01 8.329662693786983318e-01 -1.068187273167423013e-02 3.139086803638408973e+00 2.362846005423913792e-02 -2.872752290152826363e-03 9.997166814501720067e-01 2.183159419235988496e-01
8.125362295154385794e-01 -5.825249076786471747e-01 -2.120395384871034267e-02 1.976808646021038385e+01 5.824859323613944539e-01 8.127952010417854867e-01 -8.608122008922018675e-03 3.377099305950720609e+00 2.224891740987709060e-02 -5.356593826975658730e-03 9.997381119956672002e-01 2.639817714106757474e-01
7.907962568236337475e-01 -6.117189831390508203e-01 -2.100394870149723675e-02 2.009943201892009768e+01 6.116423001754298650e-01 7.910627648351226116e-01 -1.064888386267912566e-02 3.646372661099250401e+00 2.312956614030541036e-02 -4.425805998594251230e-03 9.997226792523135064e-01 2.453890829047098432e-01
7.681802355728026832e-01 -6.399028014869255765e-01 -2.057985239251754889e-02 2.040278223465874063e+01 6.397558107688042783e-01 7.684519129091216261e-01 -1.393413556205752926e-02 3.909463201791347320e+00 2.473111932087668219e-02 -2.462152614312658038e-03 9.996911070633970331e-01 2.403090265631501465e-01
7.447776825357969033e-01 -6.669500499051402853e-01 -2.199623895439208054e-02 2.068410797606558660e+01 6.667726336166232004e-01 7.450964113624251040e-01 -1.567140181311836578e-02 4.168543812016827665e+00 2.684136092973072457e-02 -2.994779852818981163e-03 9.996352197862343747e-01 2.604626061227716116e-01
7.201359804658646890e-01 -6.934968939974690549e-01 -2.159230544270334881e-02 2.094912549338115326e+01 6.932442129198339575e-01 7.204581603123919598e-01 -1.877499646986927062e-02 4.453109333178235651e+00 2.857675439282108404e-02 -1.448190300679072810e-03 9.995905521028224383e-01 2.692906860246090939e-01
6.940214757557420233e-01 -7.196404958881290614e-01 -2.125436114565211476e-02 2.121446055201944958e+01 7.193454783512442940e-01 6.943461735464734330e-01 -2.062702249453673628e-02 4.763634656443885618e+00 2.960192502932239289e-02 -9.736319932639358110e-04 9.995612928056488711e-01 3.099309610426544404e-01
6.673016657385173467e-01 -7.443940116791643025e-01 -2.420831011863643079e-02 2.146780398261287814e+01 7.441049621629083344e-01 6.677290916733915616e-01 -2.111078912698470880e-02 5.080230719150330643e+00 3.187933793441390801e-02 -3.926258935364437125e-03 9.994840130305415737e-01 3.282872157358647791e-01
6.406138688957692118e-01 -7.674476572067595592e-01 -2.525795768169707828e-02 2.170445383673380846e+01 7.670180690249724931e-01 6.411053773727493077e-01 -2.582976757439784873e-02 5.420913062157832307e+00 3.601600710235609848e-02 -2.826402590016271945e-03 9.993472162771066536e-01 3.010812619665131917e-01
6.130932217374782667e-01 -7.896268230006824318e-01 -2.462076069921902144e-02 2.194102379207149411e+01 7.890933492699034879e-01 6.135852782354894730e-01 -2.906531387552966153e-02 5.773233294801896953e+00 3.805768775905184892e-02 -1.608331596960036261e-03 9.992742494790449737e-01 2.994179804092271802e-01
5.846582103397064412e-01 -8.109710688099334153e-01 -2.237638566985266156e-02 2.216332675825511345e+01 8.104642930942227430e-01 5.850846810432677181e-01 -2.869748469430083784e-02 6.121415032528112476e+00 3.636491030724074008e-02 -1.357041551299784272e-03 9.993376565188436533e-01 3.255053687784872918e-01
5.553997549708391546e-01 -8.313227496845257969e-01 -2.082301695939439701e-02 2.235714448438440982e+01 8.309091237114955009e-01 5.557835814357979798e-01 -2.635600006435900172e-02 6.448183496487849276e+00 3.348343338617905396e-02 -2.663918797003605402e-03 9.994357224080577806e-01 3.896475693454576339e-01
5.252826775549991334e-01 -8.506716939129793653e-01 -2.087529247395685655e-02 2.253875785309090674e+01 8.503050049556507561e-01 5.256786753010281865e-01 -2.536392873997900255e-02 6.776049838875914055e+00 3.255007231975719922e-02 -4.427133268668173409e-03 9.994603010039968538e-01 4.246088268674133026e-01
4.952726136996015160e-01 -8.685263996434922085e-01 -1.915544939379735037e-02 2.274422869959769500e+01 8.680991821838635047e-01 4.956334999438931632e-01 -2.740882385426560847e-02 7.158474241248059755e+00 3.329936952665386168e-02 -3.053990124385739472e-03 9.994407561899041337e-01 4.137726208759037183e-01
4.658085524393346666e-01 -8.847301611731942517e-01 -1.658114546178866486e-02 2.292961035848724194e+01 8.841766925858077775e-01 4.661035663557011044e-01 -3.128964235203234023e-02 7.553387953497897378e+00 3.541142135516753275e-02 -8.567934334379689279e-05 9.993728152679843824e-01 3.997129249656224403e-01
4.357289980971463805e-01 -8.999766062687676316e-01 -1.350364344198511264e-02 2.306831202701823003e+01 8.993408887440957900e-01 4.359302165832937836e-01 -3.392362160238746732e-02 7.934281384376669521e+00 3.641711205239070437e-02 2.637126958236735673e-03 9.993331974427597242e-01 4.461137100504550812e-01
4.042304072315267005e-01 -9.145712548527740182e-01 -1.253784935531460261e-02 2.320362147883357196e+01 9.138965996348891174e-01 4.044152202242717875e-01 -3.523258189149879038e-02 8.297312474864238396e+00 3.729320374037947694e-02 2.783783033262181815e-03 9.993004890956485031e-01 4.901676103294112519e-01
3.717102973196313997e-01 -9.282618084152033378e-01 -1.270708087201540167e-02 2.335733731751331632e+01 9.274949706247993531e-01 3.719205560167964664e-01 -3.779126192468009598e-02 8.667240063424683783e+00 3.980620971976651934e-02 2.261647605990037106e-03 9.992048591844678862e-01 4.975981183870705760e-01
3.389851814848094946e-01 -9.407039214139476524e-01 -1.285219709359247155e-02 2.349321312094745906e+01 9.398231396967895446e-01 3.392243215683926616e-01 -4.073482228920200648e-02 9.072112914418678287e+00 4.267918490528977565e-02 1.729708901954576288e-03 9.990873311592608497e-01 5.137793737174289888e-01
3.052229329810609015e-01 -9.522159522605213589e-01 -1.112391311668750084e-02 2.361997370694681564e+01 9.512191460644636720e-01 3.054132808483808192e-01 -4.364474815852099898e-02 9.512607674439518490e+00 4.495661622977657063e-02 2.740098906412778874e-03 9.989851823301242328e-01 5.368398857510329192e-01
2.691311957268123223e-01 -9.630653787528880017e-01 -8.571798773448581488e-03 2.370280989051605403e+01 9.620435060171950159e-01 2.692417944050308209e-01 -4.451009633445349861e-02 9.916797667920251413e+00 4.517401926771012072e-02 3.732612103524710675e-03 9.989721595670647547e-01 5.436775720681876756e-01
2.323680788876018866e-01 -9.726086942860249218e-01 -6.115857529298993241e-03 2.377049013494831442e+01 9.716194767282343436e-01 2.324088280761494041e-01 -4.406505502802264551e-02 1.030444849596728041e+01 4.427943491551202676e-02 4.297025890576167823e-03 9.990099435000927564e-01 5.695835668290113452e-01
1.957071948752888979e-01 -9.806483536114913857e-01 -5.244085536775282969e-03 2.381937889146299270e+01 9.797082873179066009e-01 1.957498228486628522e-01 -4.305436813299198112e-02 1.070206500517247861e+01 4.324772404022865502e-02 3.288375554653174583e-03 9.990589677048856698e-01 6.069616042981222925e-01
1.580519257010696843e-01 -9.874281888772585836e-01 -2.271693808746890614e-03 2.386242853992706969e+01 9.864822048295335266e-01 1.580004905278295513e-01 -4.345922856687312735e-02 1.113332530689916311e+01 4.327179608990138621e-02 4.627829247327012140e-03 9.990526186641079942e-01 6.249596143313994601e-01
1.200312146170252198e-01 -9.927692696472637524e-01 1.297983667244114727e-03 2.389177086900005875e+01 9.918344683109084903e-01 1.198612371014917410e-01 -4.356226934995349048e-02 1.158289791930985224e+01 4.309170439863729829e-02 6.516217042026250898e-03 9.990498705907936428e-01 6.327518311278370611e-01
8.218257966905273548e-02 -9.966070632741274027e-01 4.514978522595624114e-03 2.392716846028966771e+01 9.957164868274420710e-01 8.191488263886373411e-02 -4.287924745466031168e-02 1.200762902129085141e+01 4.236391694539819869e-02 8.019565722711929565e-03 9.990700601592775731e-01 6.661946066472402839e-01
4.457171845238173946e-02 -9.989699423862716809e-01 8.509766328820486669e-03 2.390567716310775737e+01 9.981327102764488979e-01 4.417499958063377669e-02 -4.218604139098752065e-02 1.241507422272021977e+01 4.176666841385272277e-02 1.037418048910448802e-02 9.990735317226588919e-01 7.215522117286597981e-01
7.159962832772966655e-03 -9.999157506466529455e-01 1.082712062251805704e-02 2.387118350046790383e+01 9.989987906373778426e-01 6.674402515040592926e-03 -4.423650818186547484e-02 1.282001633030177068e+01 4.416051672354322916e-02 1.113301216241437651e-02 9.989624141092101617e-01 7.652528370462694518e-01
-3.027846717462272241e-02 -9.994853055998856872e-01 1.059897709494121536e-02 2.383820516806835954e+01 9.984470100476275922e-01 -3.073970724669319865e-02 -4.646115071046776068e-02 1.326937582751202527e+01 4.676304686938708571e-02 9.175744563325261005e-03 9.988638661795710139e-01 7.614016221272992269e-01
-6.679993846322786200e-02 -9.977019626791985285e-01 1.133851345568610489e-02 2.380274357423467535e+01 9.964306728094018961e-01 -6.729401891789212053e-02 -5.096498113883306258e-02 1.372083586507302577e+01 5.161087584910978299e-02 7.893584987454172613e-03 9.986360742583524353e-01 7.491526333228502033e-01
-1.031861194391630460e-01 -9.945590370139324454e-01 1.431595784455619302e-02 2.375234667436257396e+01 9.930955857943642995e-01 -1.038203875489043804e-01 -5.461212873478350771e-02 1.415133704354063582e+01 5.580127445530274483e-02 8.581900903392660970e-03 9.984050123802705734e-01 7.716735641783609712e-01
-1.388322114174492250e-01 -9.901366429563689397e-01 1.884264705481218313e-02 2.366425345648579537e+01 9.886466034734766595e-01 -1.396773881075297485e-01 -5.539061916801744923e-02 1.456564923510016918e+01 5.747617343994370492e-02 1.093871686031195126e-02 9.982869497094266631e-01 8.155051756570232957e-01
-1.740306005367191489e-01 -9.844952595257014938e-01 2.196438135368848979e-02 2.355663444840436327e+01 9.830370909520955713e-01 -1.749976509750969800e-01 -5.489899785641869090e-02 1.499506602183215698e+01 5.789151828437254232e-02 1.203769598467579506e-02 9.982503022719856345e-01 8.608742676149113704e-01
-2.102860421734023266e-01 -9.773713954726612752e-01 2.291147701195860031e-02 2.344481704211879958e+01 9.759982341858224331e-01 -2.112328319122174503e-01 -5.299186341790632082e-02 1.542113547072517754e+01 5.663238766998344303e-02 1.121811188071563173e-02 9.983320723249495821e-01 8.945720723425606424e-01
-2.461827456264209790e-01 -9.689405093282011938e-01 2.341677045715780461e-02 2.330481719433586463e+01 9.676900175537657134e-01 -2.470800237409003230e-01 -5.027416627840793073e-02 1.584349095987954037e+01 5.449849248034101951e-02 1.028354272624184065e-02 9.984608971143374978e-01 8.952449816325926957e-01
-2.818349878312539358e-01 -9.591399226260427513e-01 2.489273908323439560e-02 2.319163112110893010e+01 9.580968259481797977e-01 -2.827229513734043631e-01 -4.602395978982135039e-02 1.624594161719472751e+01 5.118116589313347065e-02 1.087849215749266824e-02 9.986301350681336952e-01 8.821382881296724321e-01
-3.163691845734138419e-01 -9.482012584510128850e-01 2.872129043530845596e-02 2.302839484382112545e+01 9.474196001591227434e-01 -3.173514506363591114e-01 -4.103849428679305633e-02 1.665426240164419625e+01 4.802749511146518074e-02 1.422779852664056086e-02 9.987446768130499031e-01 9.069068016116164088e-01
