1.000000000000000000e+00 4.398956837314658088e-19 2.733407509747682871e-20 -8.673617379884035472e-19 -5.583667658079949532e-19 1.000000000000000000e+00 -6.100159232558060012e-19 0.000000000000000000e+00 4.145284534913582806e-20 -2.210423569125054137e-19 1.000000000000000222e+00 0.000000000000000000e+00
9.999978022118626297e-01 -1.434137966482224805e-03 -1.529320171226372302e-03 1.339832541682586114e-02 1.433906633471265226e-03 9.999989603474634947e-01 -1.523586346234534321e-04 -1.981701056890199097e-02 1.529537111063652500e-03 1.501653984051668856e-04 9.999988189836703789e-01 6.136357471720277346e-01
9.999947120955312574e-01 -1.515877199289747792e-03 -2.877133277086369508e-03 1.393526169822982552e-02 1.512493283615283339e-03 9.999981623875386916e-01 -1.177957157655090030e-03 -3.543166618236966159e-02 2.878913677349168379e-03 1.173599293159749294e-03 9.999951672506640632e-01 1.237129149901599945e+00
9.999912417034527712e-01 -1.422493671019693954e-03 -3.936118006548969435e-03 1.933035925913181852e-02 1.414833635395810942e-03 9.999971013911599371e-01 -1.948192195813182141e-03 -4.720200350988795757e-02 3.938877954903183785e-03 1.942606196028728556e-03 9.999903557170116697e-01 1.737411355076078356e+00
9.999785550342930041e-01 -3.282737327334452494e-03 -5.666842563226468996e-03 1.746639279012493842e-02 3.261432200209869389e-03 9.999875946968667106e-01 -3.764771848910846656e-03 -6.055082587798746308e-02 5.679131116613457195e-03 3.746209122180366863e-03 9.999768564295916651e-01 2.290062760541024200e+00
9.999578159188535764e-01 -5.339403366162591077e-03 -7.473764290350741642e-03 5.326993744551534495e-03 5.302309854249403695e-03 9.999735709943528006e-01 -4.974214934093861527e-03 -8.078512130889647924e-02 7.500126232012972391e-03 4.934376929524006243e-03 9.999596992086451364e-01 2.884788023506404731e+00
9.999479360709185860e-01 -6.251164757576184103e-03 -8.065239331294840608e-03 -6.548916369525618550e-03 6.203291928262931465e-03 9.999630747267469477e-01 -5.947128886396343787e-03 -9.042225406893684980e-02 8.102118138117586979e-03 5.896788272546468063e-03 9.999497905301292233e-01 3.430887876459459029e+00
9.999359423918060541e-01 -6.059697866990461368e-03 -9.559872942014199793e-03 -1.506114155608328760e-03 6.008316709227612060e-03 9.999674004529259808e-01 -5.394270269158202291e-03 -1.125555803977732611e-01 9.592249104316455388e-03 5.336486025200007539e-03 9.999397535292466888e-01 4.001884823287894299e+00
9.999207017221910521e-01 -6.467221016967171152e-03 -1.080580002293085595e-02 -7.187217396570057260e-03 6.403876752134932647e-03 9.999621694933537031e-01 -5.886419458349933902e-03 -1.240054012166274672e-01 1.084346019272496540e-02 5.816753711841720145e-03 9.999242895157298694e-01 4.582531756378509513e+00
9.999131740944375846e-01 -5.786923950942170734e-03 -1.183874042893232406e-02 -1.976988041702644472e-02 5.692751888898366606e-03 9.999520118447731143e-01 -7.972864872901077454e-03 -1.427398317907983272e-01 1.188431087135994289e-02 7.904777675473378604e-03 9.998981336430650124e-01 5.189763918988177238e+00
9.998969773971522201e-01 -4.931041752136416240e-03 -1.348033405056998750e-02 -3.771206294310535528e-02 4.775262295976312639e-03 9.999217332406118430e-01 -1.156392042394259467e-02 -1.525551963339468187e-01 1.353630138714238644e-02 1.149835704445721467e-02 9.998422657353115417e-01 5.808292116920379833e+00
9.998751941166832413e-01 -3.773722712053382156e-03 -1.534129030609256844e-02 -7.417201020638018727e-02 3.533741349292879308e-03 9.998714437838591707e-01 -1.563996714143831013e-02 -1.714951217259135241e-01 1.539833923957060167e-02 1.558380316125885894e-02 9.997599893234015989e-01 6.406221395017644760e+00
9.998634895126836675e-01 -2.599508935107230738e-03 -1.631701167618972159e-02 -8.323488085060100350e-02 2.346315185428317525e-03 9.998768484625868425e-01 -1.551717468741996460e-02 -1.891689019788937165e-01 1.635533951439965134e-02 1.547677170701416798e-02 9.997464540737159844e-01 7.027284182301375637e+00
9.998436905587114731e-01 -6.683386628750314327e-04 -1.766770342704644323e-02 -8.848771217043024939e-02 5.020393941391299930e-04 9.999555483587316829e-01 -9.415373772073850483e-03 -1.829588390932056496e-01 1.767321102427902441e-02 9.405032247708552257e-03 9.997995814208261445e-01 7.664400080593324560e+00
9.998401838166423028e-01 -2.233970497668717108e-04 -1.787615420163899890e-02 -1.131473526776543004e-01 2.224863934966027172e-04 9.999999738488315471e-01 -5.293147122555868069e-05 -1.682499031404652567e-01 1.787616586839356134e-02 4.894579492576508502e-05 9.998402073975498627e-01 8.320197359549412752e+00
9.998254848421924690e-01 6.198617551148488843e-04 -1.867125057622307308e-02 -1.432536707722655844e-01 -4.905701230801560531e-04 9.999758778692409145e-01 6.928421147807607011e-03 -1.886479682627387189e-01 1.867509517885822604e-02 -6.918052556882140283e-03 9.998016710344478364e-01 8.985038202203124769e+00
9.997886852846665784e-01 2.894512292003700860e-03 -2.035206461744220457e-02 -1.569576093732701072e-01 -2.760509670100878832e-03 9.999743484248752035e-01 6.609242162293915701e-03 -2.119437794045319623e-01 2.037067344608273559e-02 -6.551663542058092961e-03 9.997710294892473426e-01 9.695483070621168764e+00
9.997595426173051525e-01 5.085066579628463347e-03 -2.133070547584307516e-02 -1.773915497580661749e-01 -5.092158656731632892e-03 9.999869961891237891e-01 -2.781772117541623309e-04 -2.139327204842272900e-01 2.132901391416597986e-02 3.867296388049569467e-04 9.997724359289783536e-01 1.037974211531278712e+01
9.997265721376884517e-01 5.802033897975737015e-03 -2.265209290128747388e-02 -2.127699688696587377e-01 -5.937523013994280667e-03 9.999648571758454896e-01 -5.918635484241229795e-03 -2.443228102775273358e-01 2.261695710444694071e-02 6.051514517952558472e-03 9.997258886628843655e-01 1.108315734340434489e+01
9.997210682446280305e-01 4.942150301624956971e-03 -2.309460558747722728e-02 -2.259893011046064104e-01 -5.066367971175229218e-03 9.999729972073334583e-01 -5.323230433130390037e-03 -2.675503399337502697e-01 2.306767415758831027e-02 5.438751410376378194e-03 9.997191117671749838e-01 1.183548328854273102e+01
9.997129376187591232e-01 2.865701534099729299e-03 -2.378718276389488531e-02 -2.656172256271276955e-01 -2.781754256871713134e-03 9.999897889525001249e-01 3.561437675885022625e-03 -2.570862238966481472e-01 2.379714630423742511e-02 -3.494245280308126093e-03 9.997107012140618032e-01 1.258319324741874823e+01
9.997111392028587007e-01 1.912311447002193812e-03 -2.395790415545002994e-02 -2.796596053983298469e-01 -1.648111036773438742e-03 9.999376705350372374e-01 1.104258912464964326e-02 -2.463733738067784840e-01 2.397752816682137758e-02 -1.099991419189082394e-02 9.996519794800133862e-01 1.335993403618422448e+01
9.996964162398627174e-01 1.288586668070420367e-03 -2.460517941731761582e-02 -3.005062017017221532e-01 -9.390933277128060046e-04 9.998985871531688163e-01 1.421033109040804009e-02 -2.483451873116640785e-01 2.462099581848186183e-02 -1.418291065884934310e-02 9.995962443210184567e-01 1.413530392215897180e+01
9.996926889196015020e-01 -2.617545661418146366e-04 -2.478828675579511712e-02 -3.030093878205247226e-01 5.975728266724271171e-04 9.999081376428031742e-01 1.354101830705556515e-02 -2.757310337049516669e-01 2.478246566361399714e-02 -1.355166995593822844e-02 9.996010112477974330e-01 1.494201625047550408e+01
9.997139601556673805e-01 -3.598103419809968646e-04 -2.391376933022456783e-02 -3.231747302923035359e-01 6.332399787870483321e-04 9.999345046952078375e-01 1.142739350490228588e-02 -2.861083692200344641e-01 2.390809182081995304e-02 -1.143926809679955518e-02 9.996487114674191821e-01 1.573930761895328700e+01
9.997127765943316646e-01 1.367391605639395975e-03 -2.392685746618796599e-02 -3.546500032731749741e-01 -1.193022006375766631e-03 9.999726402924924429e-01 7.300367465748846922e-03 -2.629641666752277063e-01 2.393618571659245076e-02 -7.269725451732904874e-03 9.996870561085893225e-01 1.658314749827109935e+01
9.997473498013200732e-01 -1.069422928732109658e-03 -2.245201241650469567e-02 -3.651131410599773308e-01 1.124609761193337250e-03 9.999963773656390664e-01 2.445507278046310778e-03 -2.669961195713336233e-01 2.244931619062754194e-02 -2.470139215164641848e-03 9.997449307977275268e-01 1.742384891832709570e+01
9.997437107498406972e-01 -3.539352995240094713e-03 -2.236036142135344393e-02 -4.120286474534640142e-01 3.448810458145442227e-03 9.999857029636263217e-01 -4.086510634700969528e-03 -2.945866976202935472e-01 2.237450572217319911e-02 4.008346676285494056e-03 9.997416239658276638e-01 1.829136981357525471e+01
9.997842208916366546e-01 -3.115906332711513606e-03 -2.053783711501138906e-02 -4.321513921587945561e-01 2.928690672077138152e-03 9.999539457309590818e-01 -9.139430168322680917e-03 -3.187357025579963810e-01 2.056536921624533762e-02 9.077309164855456095e-03 9.997473021129005266e-01 1.917429672558564846e+01
9.997846762100660589e-01 -1.337314443873044477e-03 -2.070779494699539688e-02 -4.425751601100839649e-01 1.131952972006854000e-03 9.999500987586763534e-01 -9.925657361897386247e-03 -3.211460172747512276e-01 2.072003567696827434e-02 9.900079954482178188e-03 9.997362995177286882e-01 2.007377812809404460e+01
9.997724044936687759e-01 -1.728044471622882435e-03 -2.126389053616092872e-02 -4.692011521749622216e-01 1.520531955387487534e-03 9.999511044514226565e-01 -9.771217289339545822e-03 -3.394075018759636353e-01 2.127973628416168425e-02 9.736661050172243717e-03 9.997261476481575926e-01 2.101338023341694239e+01
9.997859508536383055e-01 -2.885602668766717375e-04 -2.068741580612681527e-02 -4.978822544731532074e-01 6.448546630441100841e-05 9.999413376381629526e-01 -1.083130301980504522e-02 -3.656275774783294130e-01 2.068932806532670921e-02 1.082765063158138384e-02 9.997273196831465425e-01 2.194795993285056568e+01
9.997825839238534407e-01 1.668996096472346886e-03 -2.078459272654766682e-02 -5.376469883681580519e-01 -1.925761339879904829e-03 9.999220079568961195e-01 -1.233975087003093100e-02 -3.902912353411749913e-01 2.076237704545419796e-02 1.237709426834913973e-02 9.997078229522041726e-01 2.290488862882233079e+01
9.997530797700935334e-01 6.494375042306271481e-03 -2.125094193300876289e-02 -5.690597365422845888e-01 -6.778657915678007809e-03 9.998881362763049063e-01 -1.333284459422798621e-02 -4.154747047228379286e-01 2.116197658352707983e-02 1.347360541063903454e-02 9.996852668415624477e-01 2.385206285653050173e+01
9.997401981073344990e-01 7.527891268514799901e-03 -2.151434611567287422e-02 -5.888225613517090729e-01 -7.818053530741502985e-03 9.998791850607243736e-01 -1.343478089027255913e-02 -4.394720020333274801e-01 2.141061164876912823e-02 1.359949091829576115e-02 9.996782680402148680e-01 2.480840476281059992e+01
9.997398280013140015e-01 7.442824150033095117e-03 -2.156109051207579647e-02 -6.352961850069904770e-01 -7.738734199621834405e-03 9.998765662759431239e-01 -1.367348607083758438e-02 -4.585934387520019251e-01 2.145666015189345854e-02 1.383678426327747228e-02 9.996740244563577793e-01 2.582190099149136131e+01
9.997367088441254657e-01 8.557298647234284905e-03 -2.129050434470696959e-02 -6.704948384922075899e-01 -8.848021451630326203e-03 9.998683877245885254e-01 -1.359852064604822469e-02 -4.988514941419024407e-01 2.117133600351352521e-02 1.378331921608864918e-02 9.996808464099945502e-01 2.676739350013289354e+01
9.997275472827817921e-01 8.564793284343109186e-03 -2.171348578421582534e-02 -6.793088804708097284e-01 -8.844927511869731321e-03 9.998784646860851000e-01 -1.283834618062654198e-02 -5.255307655532115430e-01 2.160088940875676614e-02 1.302690263986418934e-02 9.996818000849392316e-01 2.779538495555744859e+01
9.997156848100245963e-01 9.243669337406609093e-03 -2.197962840975107787e-02 -7.209949368407796433e-01 -9.488694496107064058e-03 9.998937065914055289e-01 -1.106978840349611380e-02 -5.578015146456575257e-01 2.187496702381033081e-02 1.127519915053932023e-02 9.996971320050679344e-01 2.882368575857264048e+01
9.996951306177962460e-01 9.776981277289912078e-03 -2.267281183762060240e-02 -7.519638011766855978e-01 -1.001275270975414931e-02 9.998967318771551094e-01 -1.030875284581152414e-02 -5.799583432857973175e-01 2.256968235532648415e-02 1.053262734994214224e-02 9.996897885035915809e-01 2.980591379043475087e+01
9.996989931507460625e-01 9.343452950607733509e-03 -2.268530188552134522e-02 -7.849714564411575113e-01 -9.594204966189213979e-03 9.998938002519802692e-01 -1.096993475683763659e-02 -6.064567178067349351e-01 2.258039602251403141e-02 1.118428024271076945e-02 9.996824684017302509e-01 3.085779598198838158e+01
9.996658694089500807e-01 1.160322152671691524e-02 -2.309793767601757766e-02 -8.032874726117976705e-01 -1.186768224848637476e-02 9.998652090059181319e-01 -1.134557015295409831e-02 -6.469738482903509835e-01 2.296317950381678019e-02 1.161589831321311120e-02 9.996688268287264867e-01 3.186404345752812262e+01
9.996590419827935392e-01 1.168503473316921670e-02 -2.335079614144405444e-02 -8.404083935814498085e-01 -1.194242181376959679e-02 9.998691259327828762e-01 -1.091373411231421307e-02 -6.709429857263463637e-01 2.322021315606251357e-02 1.118887811754576411e-02 9.996677601822052672e-01 3.288644449840571582e+01
9.996671549219768860e-01 1.015897153451196695e-02 -2.371443874419791251e-02 -8.568512853134605534e-01 -1.035910404079332103e-02 9.999116317710170510e-01 -8.331724537556898721e-03 -7.032173232240267469e-01 2.362770178893431813e-02 8.574611752109873725e-03 9.996840539804597858e-01 3.394545721324741550e+01
9.996360190698527770e-01 1.105105930317073007e-02 -2.461104223801265090e-02 -9.042324028982793305e-01 -1.118101868240307939e-02 9.999242324752046773e-01 -5.149189520851445503e-03 -7.078157522537784629e-01 2.455227394046202022e-02 5.422491856502592578e-03 9.996838412569281074e-01 3.500606138273514745e+01
9.996548369814710622e-01 9.628422679441892701e-03 -2.444381952722709042e-02 -9.324312583022984491e-01 -9.704222073002383847e-03 9.999484598983661154e-01 -2.984231919954524834e-03 -7.341471602279641129e-01 2.441382666273757274e-02 3.220410126736915606e-03 9.996967510551207914e-01 3.604873140930187958e+01
9.996355678832218317e-01 9.450809436544764866e-03 -2.528662806815153499e-02 -9.661822805234963063e-01 -9.501349384888130994e-03 9.999530952493370650e-01 -1.879276413726898914e-03 -7.557988431910553917e-01 2.526768175647988932e-02 2.118848622574879669e-03 9.996784757036588642e-01 3.710033437220923958e+01
9.996196129734075120e-01 1.103621069968599606e-02 -2.527511314317670496e-02 -9.987079844359927350e-01 -1.111251253780501901e-02 9.999341055795587518e-01 -2.880379496692774335e-03 -7.894212470939135917e-01 2.524165961222790341e-02 3.160153847366248096e-03 9.996763836829538619e-01 3.816553670595525460e+01
9.995877911847654840e-01 1.145176366953607784e-02 -2.632688268819256133e-02 -1.030350476264714654e+00 -1.154800475098755400e-02 9.999271714348619833e-01 -3.506484803918469804e-03 -7.995470518051599473e-01 2.628481035423816878e-02 3.809062369010774839e-03 9.996472376976386354e-01 3.924884258376388857e+01
9.995822368614095677e-01 1.044079336420841893e-02 -2.695072382183637955e-02 -1.074357313085306798e+00 -1.051314151401396002e-02 9.999414988606836197e-01 -2.544156563629093593e-03 -8.270565314145637004e-01 2.692258462329732288e-02 2.826430476010710884e-03 9.996335257371309346e-01 4.032968170092803462e+01
9.995681406650928080e-01 1.015695291553838156e-02 -2.757477839189900054e-02 -1.105579094098790183e+00 -1.017532912631844561e-02 9.999480915732150699e-01 -5.261711140644106683e-04 -8.506835771307632577e-01 2.756800320885955530e-02 8.065263026884392098e-04 9.996196050328608473e-01 4.139423405923061239e+01
9.995588998006937898e-01 8.876859248522410081e-03 -2.834090909645313114e-02 -1.158410006811844806e+00 -8.843664518283902987e-03 9.999600536835553388e-01 1.296399538936873807e-03 -8.690237235538151861e-01 2.835128542873071450e-02 -1.045190246682074168e-03 9.995974751097997935e-01 4.249339137515099907e+01
9.995593860329217151e-01 8.858994475592900375e-03 -2.832934767582672222e-02 -1.197875379689481434e+00 -8.814148092052276340e-03 9.999596967737259812e-01 1.707523980231065008e-03 -8.889089388157315197e-01 2.834333334843460242e-02 -1.457072601348303846e-03 9.995971850941922643e-01 4.357384832968622135e+01
9.995060327760449947e-01 1.108406232495085658e-02 -2.940805891225400578e-02 -1.230766879642290146e+00 -1.113136595389862225e-02 9.999369999342562210e-01 -1.445294568813686219e-03 -9.198164414021264834e-01 2.939018697365080104e-02 1.771932487762665261e-03 9.995664446252100488e-01 4.464880375665905632e+01
9.994635499144223223e-01 1.429336554944383823e-02 -2.946713439294011694e-02 -1.274097791844421845e+00 -1.444282376498337225e-02 9.998838594861905182e-01 -4.865430095696805096e-03 -9.413421027975648059e-01 2.939416919650647206e-02 5.288408675608357104e-03 9.995539083041015127e-01 4.571599571657534256e+01
9.994447629295553082e-01 1.552798163810046456e-02 -2.947961247928481548e-02 -1.314369489367676724e+00 -1.569035787925298492e-02 9.998629326223711367e-01 -5.284758217272140027e-03 -9.636455390370251006e-01 2.939351065960437229e-02 5.744369608272093322e-03 9.995514112860369726e-01 4.677214621102073266e+01
9.994490949246005451e-01 1.457677575844626254e-02 -2.981650846510618819e-02 -1.350656724211369175e+00 -1.468321657335837881e-02 9.998865704422762457e-01 -3.354016969782252361e-03 -9.877462885153645011e-01 2.976423614886392413e-02 3.789971473159194169e-03 9.995497618522811711e-01 4.788105125534684703e+01
9.994725081856162818e-01 1.440377548809247503e-02 -2.910732809931759410e-02 -1.398266071390862786e+00 -1.445439929130058927e-02 9.998943598636980123e-01 -1.529536749009160210e-03 -1.005302260346560672e+00 2.908222259357995734e-02 1.949458854473726200e-03 9.995751217363202379e-01 4.894525636851228256e+01
9.995014758101125052e-01 1.198868436177606515e-02 -2.920738299894698117e-02 -1.433632204810275868e+00 -1.201208172230290409e-02 9.999276565654610094e-01 -6.257409523761712621e-04 -1.031659214177849337e+00 2.919776872921671027e-02 9.762704504300327929e-04 9.995731775376627271e-01 5.004821611874255893e+01
9.994852656645359934e-01 1.385278102534429415e-02 -2.893620733870023998e-02 -1.457247656515766376e+00 -1.388878935738938926e-02 9.999030013414562656e-01 -1.043774893945181902e-03 -1.053640106207259342e+00 2.891894187835706079e-02 1.445126492529854060e-03 9.995807153325683148e-01 5.111816635967711875e+01
9.994895539236386961e-01 1.452627933758091940e-02 -2.845379981096471389e-02 -1.501792482973105081e+00 -1.459066774661134033e-02 9.998914355634529461e-01 -2.056582292937952049e-03 -1.094534004735276955e+00 2.842083673970849378e-02 2.470692443989476721e-03 9.995929930582495571e-01 5.220274357142605481e+01
9.995144935835936773e-01 1.399600794226630446e-02 -2.783682449790239946e-02 -1.523577850321543137e+00 -1.411955743121946771e-02 9.998912957687198233e-01 -4.246736682877606979e-03 -1.109130426742657605e+00 2.777436163214835538e-02 4.637718514299385072e-03 9.996034596049763188e-01 5.326547681945422141e+01
9.995342574795416102e-01 1.288318429297582828e-02 -2.766390446251835306e-02 -1.582127001516361764e+00 -1.306851395484100176e-02 9.998932873333851168e-01 -6.529005691402825669e-03 -1.137222407059233609e+00 2.757683845971827322e-02 6.887491006121198960e-03 9.995959586246441209e-01 5.434325200563471014e+01
9.995615657411878185e-01 1.071414734850695792e-02 -2.760223300740392155e-02 -1.602255265586274957e+00 -1.098692561113783980e-02 9.998921083273901722e-01 -9.749830401583390802e-03 -1.192133015181218614e+00 2.749479430239483782e-02 1.004881948209898970e-02 9.995714369484914874e-01 5.543466525659147237e+01
9.995671453150855035e-01 1.106071999070812849e-02 -2.726137207505004503e-02 -1.629606599837090775e+00 -1.137420043387933448e-02 9.998706562170301959e-01 -1.137094649082393515e-02 -1.204116367086707218e+00 2.713207558867977015e-02 1.167610090792199282e-02 9.995636644010628125e-01 5.648337452531873737e+01
9.995743497363528407e-01 9.838029184833825200e-03 -2.746511351451530469e-02 -1.670172903968305089e+00 -1.011435400634124251e-02 9.998994410383863496e-01 -9.940204979125096332e-03 -1.246712808937468608e+00 2.736456008783174840e-02 1.021376587084501381e-02 9.995733389239658262e-01 5.755296047395396641e+01
9.996138334370012757e-01 7.240998160476547207e-03 -2.682819194656167056e-02 -1.701804884873948875e+00 -7.360444663201840508e-03 9.999634230315431749e-01 -4.356198829965832534e-03 -1.265458494418793212e+00 2.679566788390694287e-02 4.551984045866843548e-03 9.996305675963277348e-01 5.866530607574901524e+01
9.996263091727641825e-01 5.809229467887203763e-03 -2.671132347505095206e-02 -1.736788742690146048e+00 -5.786686272136181731e-03 9.999828327025729324e-01 9.211801652097886253e-04 -1.278432502432649942e+00 2.671621672347779947e-02 -7.662659155726704368e-04 9.996427645167036413e-01 5.974511554072324060e+01
9.996337667952791550e-01 4.032665927786973498e-03 -2.675948113593133726e-02 -1.776622138678319418e+00 -3.973987156236646022e-03 9.999895822100768328e-01 2.245641188744200434e-03 -1.303457480347298691e+00 2.676825874704076222e-02 -2.138476973249062770e-03 9.996393786213446653e-01 6.082776464958976703e+01
9.996396692150700813e-01 1.682123731914150159e-03 -2.678996338512553213e-02 -1.804405148753790655e+00 -1.688674637832307838e-03 9.999985495683936243e-01 -2.219059967955315299e-04 -1.330105263363414725e+00 2.678955171820737724e-02 2.670655454748057105e-04 9.996410599033520583e-01 6.192059077887078899e+01
9.996448390278958041e-01 5.524808145102967161e-04 -2.664377073776445087e-02 -1.847246702651449191e+00 -6.345702306163621522e-04 9.999950780861529553e-01 -3.072641507126391749e-03 -1.361409173676273676e+00 2.664194248231312873e-02 3.088457571907825966e-03 9.996402694867644323e-01 6.298449635923699219e+01
9.996464347104221382e-01 2.952324283222474213e-03 -2.642516409346169423e-02 -1.875826460230070047e+00 -3.135923429752329739e-03 9.999712144237882239e-01 -6.909147196654766288e-03 -1.379714746643544876e+00 2.640400583721411870e-02 6.989571691013745335e-03 9.996269176103146359e-01 6.405673266769345275e+01
9.996397859959506027e-01 2.473998315176613796e-03 -2.672410020586959978e-02 -1.901712986079552747e+00 -2.758108810109107401e-03 9.999400186330447138e-01 -1.059962161313757374e-02 -1.426209579681816386e+00 2.669627426384051788e-02 1.066951152887522965e-02 9.995866498269443401e-01 6.515827203952559898e+01
9.996407588068081385e-01 5.569084191406139389e-03 -2.621714275413485756e-02 -1.946956271087928014e+00 -5.885300825214778014e-03 9.999106803572201940e-01 -1.199977309074326884e-02 -1.459247574006045323e+00 2.614797374253880619e-02 1.214975813342190382e-02 9.995842470213376352e-01 6.624315790083350919e+01
9.996464430233832354e-01 8.798562713152324744e-03 -2.509131686257343868e-02 -2.010813166686276965e+00 -9.020640519375771466e-03 9.999210176912154413e-01 -8.751368040754360644e-03 -1.466360047772029329e+00 2.501233605573869798e-02 8.974613736295513483e-03 9.996468573439826200e-01 6.733440255682100428e+01
9.996393417682526428e-01 9.685824029757338083e-03 -2.504737785372955494e-02 -2.028008837164847478e+00 -9.841946620211027355e-03 9.999328548849678588e-01 -6.117338338555221994e-03 -1.505761282206869778e+00 2.498644500772095531e-02 6.361647054516542110e-03 9.996675482665505763e-01 6.842453656679739993e+01
9.996437942409025501e-01 9.294145130572067232e-03 -2.501806223792959333e-02 -2.063398886555652734e+00 -9.431697731075378358e-03 9.999410166427605828e-01 -5.385752729630369738e-03 -1.540596116415030803e+00 2.496653104724207844e-02 5.619797116388870056e-03 9.996724914953536434e-01 6.952257272156072077e+01
9.996537577822575127e-01 7.731730501338141166e-03 -2.515123921914162383e-02 -2.079098806493995255e+00 -7.852969244529812640e-03 9.999580008544641796e-01 -4.725189632284856715e-03 -1.563344874951109631e+00 2.511364942525511068e-02 4.921065496790392318e-03 9.996724902547114988e-01 7.061342416817353751e+01
9.996481557212866242e-01 7.515541114583227170e-03 -2.543779360618143165e-02 -2.122624954744398273e+00 -7.609471840652859420e-03 9.999645753437461648e-01 -3.597778639010174462e-03 -1.592687565757711532e+00 2.540985366348176566e-02 3.790080961392004993e-03 9.996699328623993575e-01 7.168955047308323003e+01
9.996422863055554053e-01 6.041420712391589766e-03 -2.605380213733817993e-02 -2.144828987771264295e+00 -6.080683947183469600e-03 9.999804928066469145e-01 -1.428040880455707685e-03 -1.608749903838178508e+00 2.604466695389504732e-02 1.585954973366555856e-03 9.996595220964002992e-01 7.280080565051217434e+01
9.996256892683235140e-01 4.922635597149904035e-03 -2.691187384806175212e-02 -2.163224720805379864e+00 -4.919823371707084635e-03 9.999878830290668263e-01 1.707111593412338508e-04 -1.647721291426315515e+00 2.691238857201027138e-02 -3.824562305955998376e-05 9.996377953683780460e-01 7.386782967321653359e+01
9.996208785701683475e-01 4.573331038133079084e-03 -2.715112723882601165e-02 -2.210317186612958285e+00 -4.599653049469548671e-03 9.999890101373781759e-01 -9.070860840025285476e-04 -1.669979775264085475e+00 2.714668091533641026e-02 1.031627934620814790e-03 9.996309286480158374e-01 7.496111600028024213e+01
9.996109275317653919e-01 4.221393727092494219e-03 -2.757124107272622415e-02 -2.249187381442210754e+00 -4.341371108326637709e-03 9.999813605967109442e-01 -4.293129976733265143e-03 -1.703206918319319474e+00 2.755260464182389749e-02 4.411156639594641417e-03 9.996106220551079780e-01 7.604296365554161241e+01
9.996068787778501497e-01 4.802877231412224120e-03 -2.762282044386127344e-02 -2.281040766354910154e+00 -4.966653097605509305e-03 9.999704757032384927e-01 -5.863453691845013811e-03 -1.724633306036666092e+00 2.759384392298766878e-02 5.998341636750582732e-03 9.996012203503173987e-01 7.710215650508678209e+01
9.995666121791693115e-01 6.576275790398170874e-03 -2.869390782689026920e-02 -2.308794795187945947e+00 -6.709908714665787158e-03 9.999670757785944497e-01 -4.563386619774943177e-03 -1.750610232975582381e+00 2.866295350456603622e-02 4.753942418373279313e-03 9.995778284762489863e-01 7.817859279588419952e+01
9.995614198207549705e-01 6.528160947116062526e-03 -2.888513550585293521e-02 -2.356818015019930712e+00 -6.556096444019126994e-03 9.999781279213165730e-01 -8.725199488475187705e-04 -1.769806283853773365e+00 2.887880827561751379e-02 1.061510991561131698e-03 9.995823566278584371e-01 7.925212797499754913e+01
9.995392677925032388e-01 8.049685469528384055e-03 -2.926524617007567053e-02 -2.411079543134390768e+00 -7.965666676051906883e-03 9.999638141500448718e-01 2.986395722632301415e-03 -1.789967382915590211e+00 2.928822723737437364e-02 -2.751902655755993424e-03 9.995672197675486981e-01 8.035704952373605181e+01
9.995178755346679766e-01 9.403489179206699078e-03 -2.959038362667387040e-02 -2.441240526164718094e+00 -9.296888714928949055e-03 9.999497961234034005e-01 3.738062322581067222e-03 -1.820229303585742420e+00 2.962404941849562309e-02 -3.461161673454131362e-03 9.995551190973543942e-01 8.145103047046792710e+01
9.994902689077725944e-01 9.724995499665396032e-03 -3.040767573849713010e-02 -2.493694707783900899e+00 -9.652352430778894654e-03 9.999502020777999434e-01 2.534852088342109001e-03 -1.853504156782273871e+00 3.043081345257271642e-02 -2.240054448117724355e-03 9.995343654962923763e-01 8.247014069974017048e+01
9.994869818980302023e-01 9.027929876306914694e-03 -3.072896714394278070e-02 -2.525862804559121599e+00 -8.975754111834540611e-03 9.999580325968816519e-01 1.835456324887614491e-03 -1.869871552383994384e+00 3.074424843284255526e-02 -1.558699098437669453e-03 9.995260685471784035e-01 8.353293289529096910e+01
9.994662137623341325e-01 8.384685967945582422e-03 -3.157506153914420993e-02 -2.566005801771277905e+00 -8.338293258585349407e-03 9.999639547108414295e-01 1.600674921090258166e-03 -1.893160637663958701e+00 3.158734511078616775e-02 -1.336538427423148703e-03 9.995001017287951095e-01 8.457977784194876847e+01
9.994571900691752164e-01 7.304217708790024938e-03 -3.212434506480321000e-02 -2.612743594644618472e+00 -7.248673031223045599e-03 9.999720256489238457e-01 1.845175405210709935e-03 -1.913080618851058068e+00 3.213692452716059023e-02 -1.611315001580221947e-03 9.994821768342588841e-01 8.558438369991129946e+01
9.994385265854102141e-01 7.712236942098902280e-03 -3.260602550554861367e-02 -2.638880187123752830e+00 -7.611617004725317569e-03 9.999658824388811817e-01 3.208934177310795912e-03 -1.941909141960505014e+00 3.262966169512150627e-02 -2.958947930633800457e-03 9.994631308207018172e-01 8.659478577849804992e+01
9.994122006828419780e-01 6.939692245102237894e-03 -3.357221645963733014e-02 -2.668645755291656041e+00 -6.756329471935345124e-03 9.999616510762567856e-01 5.572109140639601964e-03 -1.958902055874293335e+00 3.360959831004562554e-02 -5.342008988196729827e-03 9.994207611961314353e-01 8.760362353862245754e+01
9.993977824121776932e-01 5.429332934142947278e-03 -3.427236167574859022e-02 -2.709978885923274738e+00 -5.190572073881145193e-03 9.999616649726699169e-01 7.051705783935707274e-03 -1.973435811796943495e+00 3.430933450214755653e-02 -6.869566057900745523e-03 9.993876518644019269e-01 8.859076073840762433e+01
9.993656149214564799e-01 3.654041715480757339e-03 -3.542619953529383553e-02 -2.761003444195217593e+00 -3.414131233412623367e-03 9.999708452659252789e-01 6.830251136339245306e-03 -1.979205691624535524e+00 3.545012533609507438e-02 -6.704968529544642897e-03 9.993489541118486530e-01 8.951076470577558553e+01
9.992282674280068555e-01 3.238864268544857511e-03 -3.914561589199739428e-02 -2.818609379021288497e+00 -2.983586653764412708e-03 9.999739144292306703e-01 6.577892941149454491e-03 -2.010502769900170961e+00 3.916590034247516977e-02 -6.456022327550194929e-03 9.992118654768844532e-01 9.043031314806869148e+01
9.990794359041614836e-01 3.020819411883249404e-03 -4.279200049224588659e-02 -2.874670384428723580e+00 -2.778967367850979954e-03 9.999798354798143940e-01 5.710164429623344057e-03 -2.034504858120643966e+00 4.280838773373343148e-02 -5.585990377267390818e-03 9.990676847665713733e-01 9.138503225072594205e+01
9.989457393283790454e-01 3.855158626818001606e-03 -4.574437147919940827e-02 -2.914457628194594196e+00 -3.586771828033279846e-03 9.999758794931730144e-01 5.947731066876201997e-03 -2.048487264693424681e+00 4.576619834590587438e-02 -5.777386083054715689e-03 9.989354718906966468e-01 9.223889445829661327e+01
9.987814621372723689e-01 4.066653597969059619e-03 -4.918387033335318292e-02 -2.957310907720652970e+00 -3.735771509846198390e-03 9.999697823482640580e-01 6.817507368564108480e-03 -2.066904900498530040e+00 4.921010941095323166e-02 -6.625460385323373586e-03 9.987664734660421928e-01 9.311816747155781115e+01
9.986411659057086165e-01 4.996763485141711945e-03 -5.187344199530288802e-02 -3.005508758206935305e+00 -4.602344650469393159e-03 9.999596080269709253e-01 7.720151859327559381e-03 -2.083123240339500359e+00 5.190992340277504613e-02 -7.470922115559588440e-03 9.986238257208345237e-01 9.396921861472368676e+01
9.984675962121836168e-01 5.013887435204329029e-03 -5.511188717305432611e-02 -3.074971712649030575e+00 -4.506491578515217124e-03 9.999463471790150937e-01 9.327073639684475490e-03 -2.097734062898022334e+00 5.515569612507379565e-02 -9.064419678990671622e-03 9.984366207298461804e-01 9.476549552544589972e+01
9.982935329795614710e-01 5.964812661376346810e-03 -5.808995498363391657e-02 -3.129309046231500524e+00 -5.382460509464981856e-03 9.999337336353602002e-01 1.017631878124788253e-02 -2.108167199489037635e+00 5.814680642393442456e-02 -9.846286488468337927e-03 9.982594851486054077e-01 9.556525062539313353e+01
9.981406493235877031e-01 7.725896539936930561e-03 -6.046118199176549191e-02 -3.163162537059477586e+00 -7.079916679291299760e-03 9.999156252124561384e-01 1.089115447574355751e-02 -2.131489138283743312e+00 6.054022558220551603e-02 -1.044284402669525165e-02 9.981111302093431670e-01 9.633062871334654176e+01
9.979821541203690582e-01 1.004247776765039742e-02 -6.269584134848883716e-02 -3.225551755186730762e+00 -9.434186183730061334e-03 9.999055857955122528e-01 9.990777798131547996e-03 -2.151693867489551160e+00 6.279025522931594439e-02 -9.379133859235938911e-03 9.979826731243482962e-01 9.706382093784566223e+01
9.977943360101356740e-01 1.184342296734808980e-02 -6.531612488716219411e-02 -3.283384558007407694e+00 -1.145417332690643747e-02 9.999143581578213702e-01 6.330741164097676392e-03 -2.169157458286107953e+00 6.538550987533287007e-02 -5.568635580558393625e-03 9.978445397775598247e-01 9.775840378365568029e+01
9.975774720062042800e-01 1.334028849695172853e-02 -6.827315611788088712e-02 -3.334708717179252879e+00 -1.315100265289681145e-02 9.999083332988077943e-01 3.221203770291213801e-03 -2.183039494037755990e+00 6.830987071407988720e-02 -2.315539950370810833e-03 9.976614656360595079e-01 9.841812977491137815e+01
9.974032105416305027e-01 1.687793231468120297e-02 -7.001407562676369156e-02 -3.388669420540318722e+00 -1.690473005225148415e-02 9.998570828490850326e-01 2.097902000252420114e-04 -2.191073108451085716e+00 7.000761144894328269e-02 9.743235618565233586e-04 9.975459815043213885e-01 9.901015876372063929e+01
9.973232149064611418e-01 1.766277231307467055e-02 -7.095372619845581597e-02 -3.465513839345494507e+00 -1.773350497942173878e-02 9.998426816867970190e-01 -3.670339893746081810e-04 -2.213265985254929014e+00 7.093608226514247495e-02 1.624309712254573459e-03 9.974795406607561699e-01 9.963862436355186958e+01
9.973417282995885591e-01 1.980611137549489337e-02 -7.012271188261022525e-02 -3.506640059896451778e+00 -1.986515707082161034e-02 9.998026578454700664e-01 -1.447054896629515887e-04 -2.228184135111901387e+00 7.010600887302592676e-02 1.537319444530784460e-03 9.975383623458435878e-01 1.002132068875096138e+02
9.974491756203427428e-01 2.273075600697574070e-02 -6.766427835843094596e-02 -3.543946246442624126e+00 -2.272686607969666775e-02 9.997413690856893353e-01 8.273710781806684587e-04 -2.245762958420645994e+00 6.766558622311313886e-02 7.125363209636357111e-04 9.977078033707678095e-01 1.008144920158150057e+02
9.977555802141953034e-01 2.436047768342228248e-02 -6.237282320239250638e-02 -3.595967827671120887e+00 -2.424818045278025191e-02 9.997026999546243520e-01 2.556852970498949083e-03 -2.252199277805096322e+00 6.241656699830552130e-02 -1.038686930968681739e-03 9.980496447817058803e-01 1.013365887630990443e+02
9.981492487997858376e-01 2.601006438965899892e-02 -5.496865914559544153e-02 -3.619102824745020097e+00 -2.581226920864617899e-02 9.996575366939713936e-01 4.305361909420646165e-03 -2.274163269025539336e+00 5.506181809091077045e-02 -2.878528023334847932e-03 9.984787981703053816e-01 1.018445847138729334e+02
9.986384222710238401e-01 2.552359190324400562e-02 -4.549557856034953246e-02 -3.635530407780007245e+00 -2.523900185245486413e-02 9.996581891425875277e-01 6.818923332487213280e-03 -2.269610333579983763e+00 4.565407188728279331e-02 -5.661375958897799446e-03 9.989412668643032900e-01 1.023583223018988519e+02
9.991481214706651182e-01 2.448122199713015715e-02 -3.322199595874752998e-02 -3.646651559345231775e+00 -2.421960430651139140e-02 9.996725825538896881e-01 8.254605029785228032e-03 -2.286279489547680566e+00 3.341320189898039361e-02 -7.442949629082266233e-03 9.994139085025970370e-01 1.028071920165811974e+02
9.995214514172007236e-01 2.381342742676857346e-02 -1.974306835394263812e-02 -3.653966053679702064e+00 -2.364908824159908662e-02 9.996840489685445696e-01 8.516038324764029985e-03 -2.303377087187145733e+00 1.993962692212444127e-02 -8.045057530148586045e-03 9.997688174598197142e-01 1.032672276520032142e+02
9.997056323380090204e-01 2.374790659200143317e-02 -4.968455320085347210e-03 -3.645428101542978361e+00 -2.370921792433727110e-02 9.996891966355945236e-01 7.706047073514141546e-03 -2.304240242903401903e+00 5.149913687423144336e-03 -7.585980563711043102e-03 9.999579647654133208e-01 1.036978916064788478e+02
9.996350430402712872e-01 2.351583400461680282e-02 1.329609884470721141e-02 -3.621664218621232667e+00 -2.357671802135159062e-02 9.997121665395813928e-01 4.441000669531520138e-03 -2.328813417238594141e+00 -1.318783817424961681e-02 -4.752858316686555014e-03 9.999017407964128079e-01 1.040957400976715519e+02
9.991392304047597150e-01 2.339960717136859228e-02 3.425283390136989875e-02 -3.583107147224052991e+00 -2.341864807201632370e-02 9.997257339015540589e-01 1.547424298318166003e-04 -2.339206831356843264e+00 -3.423981919243004879e-02 -9.567642883690208582e-04 9.994131875036272872e-01 1.044939260326941195e+02
9.980119474314679273e-01 2.287543977498027528e-02 5.872705522124486294e-02 -3.568731091530559230e+00 -2.268350851708154578e-02 9.997349604760239483e-01 -3.932847608674355441e-03 -2.366811823392956704e+00 -5.880145687184998304e-02 2.592893305918521612e-03 9.982663299697573933e-01 1.049064796300596498e+02
9.961448266077783664e-01 2.064475148375217312e-02 8.526006456862746108e-02 -3.512166167941215278e+00 -2.012013546295313149e-02 9.997730087865913662e-01 -7.007930685412880854e-03 -2.368202378711334433e+00 -8.538538975582776747e-02 5.265469962060420096e-03 9.963340855601988677e-01 1.053097819815706373e+02
9.931682837324777857e-01 1.777339586491266665e-02 1.153293825622839774e-01 -3.451602201243175738e+00 -1.690215341413185690e-02 9.998207792464681720e-01 -8.527991080609566288e-03 -2.373330067139186816e+00 -1.154602865117549254e-01 6.520415502953051494e-03 9.932906958642508943e-01 1.057071940486153352e+02
9.888995213097715453e-01 1.426829733970132359e-02 1.478991286071745237e-01 -3.365746841631181763e+00 -1.291944920672674288e-02 9.998657643077293322e-01 -1.007676655206313741e-02 -2.378579837213944170e+00 -1.480230561384285604e-01 8.054134542035682950e-03 9.889511140310009996e-01 1.060724099903183770e+02
9.829769366030119970e-01 1.212489919886314792e-02 1.833284718023373283e-01 -3.264642657073462129e+00 -1.017362024217564713e-02 9.998811883658808020e-01 -1.158044145255832796e-02 -2.393464492563062596e+00 -1.834471051185553314e-01 9.518192862326463680e-03 9.829835013670465971e-01 1.064440508375148084e+02
9.749915136543960692e-01 9.349591497599665443e-03 2.220453396787324951e-01 -3.154991842174217798e+00 -6.733015390419000261e-03 9.998987269944895617e-01 -1.253803304708244089e-02 -2.410018173331519353e+00 -2.221400818239940289e-01 1.072944142959912292e-02 9.749557239625775695e-01 1.067805590459366982e+02
9.651636568233830094e-01 8.004613893456614948e-03 2.615244555652168068e-01 -3.010304780246298773e+00 -4.486720336584458686e-03 9.998912862976646609e-01 -1.404581561600286126e-02 -2.436100935182046623e+00 -2.616084601459311432e-01 1.238312402360999820e-02 9.650946444027361792e-01 1.071544415397148384e+02
9.531317825293594836e-01 7.506416305348578150e-03 3.024623243534513284e-01 -2.873208683456623280e+00 -3.323046654342096638e-03 9.998916079945328050e-01 -1.434327823312618426e-02 -2.450975937339206823e+00 -3.025372117236664882e-01 1.266593833063196263e-02 9.530534144079262360e-01 1.074700861149695328e+02
9.377522802962086068e-01 9.152029578351006736e-03 3.471842443238765119e-01 -2.728731352053997306e+00 -4.135515938848846954e-03 9.998761133893625530e-01 -1.518734309405030472e-02 -2.447787157625363363e+00 -3.472802338832592928e-01 1.280618008110091452e-02 9.376739532182185588e-01 1.077896948001299648e+02
9.201762402213446990e-01 8.523545160128848108e-03 3.914115914830462173e-01 -2.545076441382379429e+00 -3.390444572562089157e-03 9.998989780642214553e-01 -1.380357052764499305e-02 -2.480185721862230963e+00 -3.914897124726877675e-01 1.137465879294881702e-02 9.201121802913670988e-01 1.081388566037053494e+02
9.000631335796016597e-01 7.902893643350880626e-03 4.356878436362894291e-01 -2.374198063210156473e+00 -2.455312334712139374e-03 9.999116347836586316e-01 -1.306499412274735733e-02 -2.482070796942985602e+00 -4.357526027999411578e-01 1.068957032013666784e-02 9.000030027639466246e-01 1.084287520236458562e+02
8.772035098145513077e-01 7.160226549048121641e-03 4.800653394205446900e-01 -2.143392211597412444e+00 -6.931762102709366135e-04 9.999066336807922450e-01 -1.364710336837194650e-02 -2.500592802859967101e+00 -4.801182421627800956e-01 1.163851765995587047e-02 8.771265711734980153e-01 1.087329414016356424e+02
