1.000000000000000000e+00 0.000000000000000000e+00 0.000000000000000000e+00 0.000000000000000000e+00 0.000000000000000000e+00 1.000000000000000000e+00 0.000000000000000000e+00 0.000000000000000000e+00 0.000000000000000000e+00 0.000000000000000000e+00 1.000000000000000000e+00 0.000000000000000000e+00
9.999817719930911286e-01 5.954617218155820388e-03 1.001325880661042096e-03 1.496450552026754588e-01 -5.952756177683427019e-03 9.999805660010927522e-01 -1.852781788476905687e-03 -9.310996984549881061e-03 -1.012338939446064991e-03 1.846787662953229764e-03 9.999977847089687177e-01 -4.346145228051653993e-03
9.998868825002271699e-01 1.493387991149505885e-02 1.790594863008844679e-03 3.663980535949117878e-01 -1.492712649881382074e-02 9.998816348370752616e-01 -3.728032555228025062e-03 -2.340011410736192454e-02 -1.846056618245586452e-03 3.700882568329766451e-03 9.999914505207616600e-01 -1.117848217387413471e-03
9.997436896838561848e-01 2.252415487003670350e-02 2.285343285000102087e-03 5.289026555799090090e-01 -2.251478507376556554e-02 9.997383207498194979e-01 -4.047033191601990577e-03 -3.467458449545380433e-02 -2.375900620410497516e-03 3.994542199623985976e-03 9.999892038478231937e-01 1.755440953867522984e-03
9.996452957420272067e-01 2.651219796440815180e-02 2.528861668695605702e-03 6.175072298474379995e-01 -2.650450041848950722e-02 9.996440983757421961e-01 -3.032133303358893785e-03 -3.991095315519428699e-02 -2.608349239485760907e-03 2.964032337667692543e-03 9.999922127042293329e-01 1.250831161524650146e-04
9.995791907875561932e-01 2.886132981606126177e-02 2.911072147710247471e-03 6.832799938795213190e-01 -2.885346049259273835e-02 9.995799776117744173e-01 -2.711665238502153612e-03 -4.365579016759994768e-02 -2.988110441489020240e-03 2.626530524488614182e-03 9.999920940634309252e-01 -2.006961949291694546e-03
9.994635003321307165e-01 3.250942866717854846e-02 3.983114376293056882e-03 7.734665571653382976e-01 -3.249404958548527539e-02 9.994644458796918540e-01 -3.868604132701091314e-03 -5.006339435568259166e-02 -4.106746143455353160e-03 3.737101757221251031e-03 9.999845961897420032e-01 -1.518831302075886441e-03
9.992926305271138121e-01 3.732584914396565312e-02 4.586567409477963417e-03 8.927237818781195156e-01 -3.729829399772297688e-02 9.992864387163923334e-01 -5.954953178565005473e-03 -6.254250299892497034e-02 -4.805566645610217895e-03 5.779670489666800803e-03 9.999717640537018060e-01 -2.826606545306635087e-03
9.991155320871494272e-01 4.178020316297259562e-02 4.752493248808306418e-03 1.005137739378892059e+00 -4.174107045482131073e-02 9.990959856319798771e-01 -8.056492063572595272e-03 -7.562867445398119282e-02 -5.084797005849799219e-03 7.850992912234806137e-03 9.999562672395121421e-01 -1.162014765981887303e-06
9.989292135658115468e-01 4.602232474310626043e-02 4.732216531931641990e-03 1.092513971038595377e+00 -4.597677759052539587e-02 9.988990137811589731e-01 -9.322494773937683651e-03 -8.546178571813006775e-02 -5.156047472466323417e-03 9.094941291976764430e-03 9.999453639647574166e-01 4.449620404667081579e-03
9.987010685124895204e-01 5.069055020184810162e-02 5.163957232305929970e-03 1.175329538656028738e+00 -5.064363970883327404e-02 9.986776355559178198e-01 -8.844113846622918274e-03 -9.301905319119384286e-02 -5.605439270536151895e-03 8.571105570097730178e-03 9.999475751214412789e-01 8.418724041639574426e-03
9.984582179846216432e-01 5.516774176925717810e-02 6.142482204310043166e-03 1.273113553163122580e+00 -5.512789034883682632e-02 9.984582832689796739e-01 -6.479927643437716211e-03 -9.753077302342173793e-02 -6.490493005081778705e-03 6.131316047200021171e-03 9.999601587974437100e-01 7.596701292276780877e-03
9.982030928357168431e-01 5.951540405606980944e-02 6.965995426895126887e-03 1.383023237037155795e+00 -5.949105340487446242e-02 9.982221638537894792e-01 -3.653651961473891770e-03 -1.022066859972758368e-01 -7.171056802555088663e-03 3.232673464384583882e-03 9.999690846551255730e-01 3.211807043981018597e-03
9.978866582634925431e-01 6.447914932124289289e-02 8.042362076491522266e-03 1.499747155454384195e+00 -6.446698299517052144e-02 9.979182929385700396e-01 -1.764348179665756449e-03 -1.096117112149289918e-01 -8.139381158338685265e-03 1.242153894473269505e-03 9.999661260630767767e-01 1.496936879357238862e-03
9.974838472136026146e-01 7.026388623780278897e-02 9.433237385368112987e-03 1.626322782478034856e+00 -7.025498114021816454e-02 9.975282653605140881e-01 -1.273508685643349623e-03 -1.221395166339077770e-01 -9.499399794242127312e-03 6.075739206361391873e-04 9.999547190669061392e-01 2.819853282392645495e-03
9.969715220247018506e-01 7.688872075365721370e-02 1.165919355620974665e-02 1.765324014396572938e+00 -7.687832249008703933e-02 9.970395957536214437e-01 -1.338974437894765307e-03 -1.380355591229093515e-01 -1.172762673221288549e-02 4.385822342000140063e-04 9.999311582711168933e-01 6.276010526478496485e-03
9.963271966429427806e-01 8.438273683000989400e-02 1.455005723624334599e-02 1.917503354671562521e+00 -8.437449220179427112e-02 9.964334269483674511e-01 -1.181433699672371652e-03 -1.542086125097462124e-01 -1.459785306690608922e-02 -5.055690712066067974e-05 9.998934725866066575e-01 5.829612704533385266e-03
9.955566571349256932e-01 9.267514981114576000e-02 1.668210505088574269e-02 2.080004351646020488e+00 -9.268981441297388657e-02 9.956950397779318340e-01 1.056968266537249094e-04 -1.722570512697623180e-01 -1.660049088026082156e-02 -1.651486009748799177e-03 9.998608668344145523e-01 1.512570799619476455e-04
9.946717771821480536e-01 1.016481580588352307e-01 1.719719902365102540e-02 2.248607170500926955e+00 -1.016951173218836740e-01 9.948138571045066492e-01 1.875630390867761427e-03 -1.947149965024534413e-01 -1.691735467381865962e-02 -3.614505173621244613e-03 9.998503876283831859e-01 -8.325627518086813408e-03
9.935641879788840169e-01 1.118547177154980005e-01 1.785420424985353915e-02 2.420806719941320573e+00 -1.119184576979988383e-01 9.937139843898925573e-01 2.608017957362235729e-03 -2.235080125377348903e-01 -1.745025014818647399e-02 -4.589447119407395401e-03 9.998372342744047403e-01 -7.310734425425760748e-03
9.920948228632429089e-01 1.239446591440773321e-01 1.963752578381249350e-02 2.606359906927442793e+00 -1.240226998300897748e-01 9.922754381442566718e-01 2.802090995988329707e-03 -2.565748678081563039e-01 -1.913852666063683983e-02 -5.215436711770614180e-03 9.998032745471261418e-01 -2.036049251148930490e-03
9.903407760360862788e-01 1.369549127705340652e-01 2.164597472977157835e-02 2.810445084256029347e+00 -1.370727024491742718e-01 9.905527344123380429e-01 4.047483079866492917e-03 -2.911989909782234931e-01 -2.088715293864360986e-02 -6.975457261338061446e-03 9.997575415619952555e-01 -3.841344853193576778e-04
9.883928996240586295e-01 1.501920398612875962e-01 2.284483944659623442e-02 3.021769140007053878e+00 -1.503622831759685308e-01 9.886132776931166877e-01 5.916115632095619338e-03 -3.300649663115501342e-01 -2.169615450982638818e-02 -9.282446834025893240e-03 9.997215599677801157e-01 -9.814619243451741526e-03
9.860165152234632302e-01 1.647099941675123635e-01 2.533988469004895203e-02 3.229706677770590062e+00 -1.649235942125806542e-01 9.862844846496422457e-01 6.569095564795179865e-03 -3.763120747831442126e-01 -2.391033582865486132e-02 -1.065637948981379250e-02 9.996573526130683174e-01 -1.888562226575744157e-02
9.831737618686848812e-01 1.804661445689156041e-01 2.830876128903921096e-02 3.456595038405649856e+00 -1.806924679118704913e-01 9.835235464165744679e-01 5.629874148419296807e-03 -4.316972697043570117e-01 -2.682632802324810481e-02 -1.065032218806057779e-02 9.995834158428391625e-01 -2.209272187217696873e-02
9.800567586088527738e-01 1.962091378784129314e-01 3.147688312223536483e-02 3.697368359021697692e+00 -1.964302133248860827e-01 9.805094126750878436e-01 4.061268318466653912e-03 -4.930591603489561381e-01 -3.006651882156356412e-02 -1.016328129135881005e-02 9.994962773205913198e-01 -2.118449453971867416e-02
9.766097601279520868e-01 2.123208263512890714e-01 3.396047703298110676e-02 3.938800972613655915e+00 -2.124666727116328313e-01 9.771680764609859127e-01 7.030876960053344471e-04 -5.588821816242229845e-01 -3.303581048664378655e-02 -7.902108823018077002e-03 9.994229780168792932e-01 -2.863316575533857503e-02
9.724717986323265784e-01 2.304140921419844945e-01 3.475659275684810784e-02 4.179152432039612286e+00 -2.304327464289712135e-01 9.730818931975109276e-01 -3.522984938051649650e-03 -6.353865049924630748e-01 -3.463275278965126380e-02 -4.583050787118152745e-03 9.993896486552475977e-01 -3.144854986837478106e-02
9.674790189765779536e-01 2.505640553358484679e-01 3.467103195146014477e-02 4.433221091798481339e+00 -2.505507547763671239e-01 9.680915900081052961e-01 -4.798508715029536388e-03 -7.210221092900354067e-01 -3.476706475430549337e-02 -4.044393490946630865e-03 9.993873126156529452e-01 -2.469061394419620054e-02
9.619158144729416104e-01 2.708769298643135537e-01 3.665698556503493855e-02 4.711276866197718682e+00 -2.710792590821383130e-01 9.625568814985298038e-01 5.717247776476468146e-04 -8.086910349080822513e-01 -3.512956254531356126e-02 -1.048689581999316146e-02 9.993278017070840180e-01 -2.915696877192110875e-02
9.560544660077796575e-01 2.907235739270153663e-01 3.794395866759141950e-02 4.995491044908815681e+00 -2.911905199667829680e-01 9.566372548593848890e-01 7.299696712398241576e-03 -8.960789489411082887e-01 -3.417640652840145399e-02 -1.802782470222866890e-02 9.992532661476830613e-01 -7.006353085427939609e-02
9.491330268965997297e-01 3.124896999866593750e-01 3.868809314836742924e-02 5.266414961687282847e+00 -3.130840347766865039e-01 9.496702294997056981e-01 1.024130226584555985e-02 -1.001506662924856572e+00 -3.354062486168145341e-02 -2.183297856621085886e-02 9.991989131988875394e-01 -9.696287256996233284e-02
9.406520951041636991e-01 3.369030050387893382e-01 4.086668551512288167e-02 5.551614261286633045e+00 -3.374592931808351182e-01 9.413112967716940060e-01 7.369572345585555413e-03 -1.133389633165890809e+00 -3.598543779638468249e-02 -2.072304243991386283e-02 9.991374910276006327e-01 -9.064200093181629114e-02
9.315932243944818891e-01 3.608898848185396191e-01 4.350452821413376692e-02 5.861376788102001356e+00 -3.613224374080671319e-01 9.324382378131966798e-01 2.252351466620613335e-03 -1.271325184955521603e+00 -3.975243085072299731e-02 -1.781743272142384191e-02 9.990507548700219287e-01 -7.421295009712375323e-02
9.223645987522103296e-01 3.838212758322026574e-01 4.387330752711780107e-02 6.170403047257050133e+00 -3.842075204537946931e-01 9.232466972915737147e-01 4.028209847399035750e-04 -1.408176714082695513e+00 -4.035127124191158210e-02 -1.722799758799254885e-02 9.990370877139588268e-01 -7.492196373110533714e-02
9.121412924563717661e-01 4.076070979518446880e-01 4.306757295671376218e-02 6.468364987854945625e+00 -4.081039910206630816e-01 9.129303600071511093e-01 3.055478284584736779e-03 -1.560015839781538016e+00 -3.807225684207159178e-02 -2.036307101166997396e-02 9.990675594580393781e-01 -1.001252127059376468e-01
9.004187142438122571e-01 4.329184040215685036e-01 4.275391442524221347e-02 6.774634490177210644e+00 -4.335656498228349642e-01 9.010966004574039179e-01 6.766811546745805928e-03 -1.735960118793901552e+00 -3.559592643492948127e-02 -2.462958701649195503e-02 9.990627890796879296e-01 -1.297360903829763157e-01
8.874778015231334916e-01 4.589736584089635918e-01 4.155045312464055590e-02 7.092407844770336034e+00 -4.596572697146186770e-01 8.880587027236103159e-01 8.184177939830098239e-03 -1.925532111978679684e+00 -3.314291636732203533e-02 -2.636223844884538758e-02 9.991029613324182712e-01 -1.477825915814032776e-01
8.732227074125382682e-01 4.856845392573430065e-01 3.990928084757377342e-02 7.415122084677820524e+00 -4.863249014589428043e-01 8.737444978689633546e-01 7.660855205509887154e-03 -2.127154023527598081e+00 -3.114975314951676233e-02 -2.609850350522586321e-02 9.991740191792037873e-01 -1.465148255604523664e-01
8.576902068800416057e-01 5.124758380493650289e-01 4.166715416897556062e-02 7.743113424425250635e+00 -5.132258204024797710e-01 8.582053771371329631e-01 9.101411287604666001e-03 -2.339852872849341292e+00 -3.109472034264331233e-02 -2.919084417062372053e-02 9.990901773540203923e-01 -1.366448579155471188e-01
8.413205583702756396e-01 5.387342037581254184e-01 4.410561427260077660e-02 8.085113096926324516e+00 -5.396672094850659684e-01 8.417924707956971897e-01 1.203275089893924774e-02 -2.566625440190008156e+00 -3.064531772886132724e-02 -3.392574785646680635e-02 9.989544934518868047e-01 -1.567236927618559650e-01
8.244410299889081140e-01 5.642033514622863954e-01 4.440378762755819997e-02 8.421046900775879251e+00 -5.652026650371387850e-01 8.248423991558926360e-01 1.345407759501592200e-02 -2.816391849109432854e+00 -2.903528939688685903e-02 -3.618922603314713576e-02 9.989231525072512774e-01 -1.916477326033369788e-01
8.072057272731696376e-01 5.887328355029795013e-01 4.257575466577581680e-02 8.750025974015922969e+00 -5.895833226579898501e-01 8.076450760483112612e-01 1.004917746477259483e-02 -3.094329097981662002e+00 -2.846981648830248027e-02 -3.321370177423872000e-02 9.990427897740130625e-01 -2.177115894080389469e-01
7.901802297673520270e-01 6.116289894774592506e-01 3.905530888509400195e-02 9.087129703341570774e+00 -6.120899591738349077e-01 7.907881476458042957e-01 -1.940299927811168048e-04 -3.399733140231931738e+00 -3.100314865228386702e-02 -2.375203701164441128e-02 9.992371207954285905e-01 -2.261511694575324971e-01
7.746686206507308325e-01 6.313286955340901008e-01 3.623175812709791138e-02 9.438553925573422987e+00 -6.313093114168303321e-01 7.754150426696697629e-01 -1.342088286554140794e-02 -3.723523637191371360e+00 -3.656763764380747961e-02 -1.247670245809971538e-02 9.992533828978480415e-01 -2.196081107777953512e-01
7.618168284755690856e-01 6.467713265980892245e-01 3.636087428102381669e-02 9.797130459471526720e+00 -6.465082040049618950e-01 7.626405324698890542e-01 -2.016471801763700458e-02 -4.042200975382348460e+00 -4.077223689474870905e-02 -8.145775080497713594e-03 9.991353577467714242e-01 -2.070502667102435967e-01
7.518399071119337140e-01 6.581937287482760857e-01 3.896039820724393060e-02 1.016738841994857268e+01 -6.583263276415579623e-01 7.526503575987569805e-01 -1.113300184231893857e-02 -4.353218093509339859e+00 -3.665122851834921869e-02 -1.727841380716648584e-02 9.991788325938790738e-01 -2.088017200762598280e-01
7.446357029939721928e-01 6.662964538264025682e-01 3.958350199885282694e-02 1.055280635839638315e+01 -6.670182715378497607e-01 7.450050281863410673e-01 7.361698437686891791e-03 -4.672750035219717546e+00 -2.458483351761100652e-02 -3.188469543153348712e-02 9.991892492591022412e-01 -2.536592025159803421e-01
7.380675530247831073e-01 6.737910281858451311e-01 3.552597480612371822e-02 1.093184794317694042e+01 -6.746024745531928879e-01 7.379190021217337803e-01 1.967517422723077600e-02 -5.023161235100498168e+00 -1.295833519279702278e-02 -3.848751066908025209e-02 9.991751645944898508e-01 -3.061130520465782379e-01
7.295768026607513113e-01 6.833680604885173926e-01 2.694343374056644771e-02 1.130240953154094186e+01 -6.838559766164087339e-01 7.294063219310542578e-01 1.753528807982493443e-02 -5.410323553077231118e+00 -7.669654592596623389e-03 -3.121875995488106875e-02 9.994832619445718214e-01 -3.249253183129006128e-01
7.190988482026227091e-01 6.946604627561654421e-01 1.854349976350081614e-02 1.168230057744183270e+01 -6.948635657075840077e-01 7.190982733869062393e-01 7.897209358906975840e-03 -5.826965840719743106e+00 -7.848719324411354212e-03 -1.856406884511123748e-02 9.997969834980389159e-01 -2.988911196233261514e-01
7.078913267224976602e-01 7.060523256867951014e-01 1.949789308447944305e-02 1.209301930951541415e+01 -7.062077707851609487e-01 7.080028819083939995e-01 1.603625106862363375e-03 -6.262063686938085461e+00 -1.267232107199549145e-02 -1.490474831241855175e-02 9.998087355987305136e-01 -2.726087575115779815e-01
6.974015692007157208e-01 7.161182847545379815e-01 2.838738964065675927e-02 1.253950760194619107e+01 -7.164157862036159008e-01 6.976734824542878410e-01 4.491645433844851918e-04 -6.696997414093438294e+00 -1.948347430135839026e-02 -2.065041432251945794e-02 9.995970226658524860e-01 -2.921776508927498295e-01
6.887914434171421574e-01 7.241128056696332083e-01 3.503122009285882660e-02 1.299013020382883710e+01 -7.246197355883031710e-01 6.891437430117746121e-01 2.685040654569347159e-03 -7.133349015935273485e+00 -2.219727416192188510e-02 -2.723373864661113308e-02 9.993827405217097226e-01 -3.363678610923595547e-01
6.818752906409418779e-01 7.306949538786526865e-01 3.363286794446745942e-02 1.341765415745372536e+01 -7.312090081765427740e-01 6.821371199615118286e-01 4.733435429785605789e-03 -7.587510136829243024e+00 -1.948353090179317376e-02 -2.782026062392038701e-02 9.994231766867305300e-01 -3.615446492251194188e-01
6.757522395505192181e-01 7.365761779008823673e-01 2.854206964332817870e-02 1.383499264827947250e+01 -7.369623385205902322e-01 6.759159742328181286e-01 4.917001635357682102e-03 -8.073531297124898032e+00 -1.567029550814131797e-02 -2.435709698798491779e-02 9.995806331017701440e-01 -3.549919548087795418e-01
6.705849319833823152e-01 7.414500852645803386e-01 2.382917960293953405e-02 1.427350450497719514e+01 -7.416727193288115139e-01 6.707615483316027305e-01 7.695733824845056147e-04 -8.586739393961128286e+00 -1.541309820256189095e-02 -1.818950849551098994e-02 9.997158853969881909e-01 -3.521999972304092896e-01
6.675364333612086032e-01 7.442203389539520098e-01 2.305230028363194211e-02 1.473331523414427657e+01 -7.443617880708618406e-01 6.677680488462550690e-01 -3.381786905737567753e-03 -9.104498150746415774e+00 -1.791038534818958916e-02 -1.490177761691271509e-02 9.997286809438653554e-01 -3.652240194242127869e-01
6.658668711367854431e-01 7.456516692381485178e-01 2.500234849868251605e-02 1.519599192393778075e+01 -7.458084781946323627e-01 6.661473182218203837e-01 -4.188019365931805113e-03 -9.615838595695683111e+00 -1.977805220099504782e-02 -1.585829226360818689e-02 9.996787642760444070e-01 -3.832867231896140980e-01
6.641626897402951313e-01 7.470839486960557663e-01 2.745386237425548673e-02 1.566795873278943318e+01 -7.473528953146417741e-01 6.644270124050761783e-01 -6.868064501858394365e-04 -1.013682674316953403e+01 -1.875419101096146776e-02 -2.006156442537048931e-02 9.996229809068173378e-01 -4.040830414035928020e-01
6.620055291912361195e-01 7.490136184839898403e-01 2.697224282690426772e-02 1.615542633225280866e+01 -7.492945089054843244e-01 6.622368193568827222e-01 4.707334871124074110e-04 -1.068790475242466087e+01 -1.750942742828500223e-02 -2.052177243333596843e-02 9.996362244826408894e-01 -4.294633102580526218e-01
6.598065890731759087e-01 7.510768165865120416e-01 2.321864067372493221e-02 1.664963864084092648e+01 -7.511895697629090707e-01 6.600661697844274478e-01 -5.193370110522430722e-03 -1.126836955648360039e+01 -1.922646007923475495e-02 -1.401497172458301098e-02 9.997170757044157030e-01 -4.449751275243289950e-01
6.582808277703857680e-01 7.525097832126125263e-01 1.988976307660644816e-02 1.714819486909813406e+01 -7.524499871713007382e-01 6.585423890290493798e-01 -1.187561433986082660e-02 -1.185806745884004521e+01 -2.203476899319797497e-02 -7.148553537179629970e-03 9.997318025694063026e-01 -4.394618059686226097e-01
6.574953358288231353e-01 7.531736328692555382e-01 2.072647912148463389e-02 1.766161547733262083e+01 -7.531083718738440513e-01 6.577796420896573348e-01 -1.240219444867025206e-02 -1.244211426133854559e+01 -2.297446273549067983e-02 -7.454890727200931023e-03 9.997084119248332845e-01 -4.435663128512005726e-01
6.571787534591837510e-01 7.534264424411701855e-01 2.156174014196885619e-02 1.818761750653876064e+01 -7.534628603560812321e-01 6.574411457758159161e-01 -8.059488977475498181e-03 -1.303120264105841919e+01 -2.024780818495520995e-02 -1.094943650257990293e-02 9.997351919185867297e-01 -4.750244886611440509e-01
6.571698659654364727e-01 7.534657489131358910e-01 2.042942134306282090e-02 1.871855280804260957e+01 -7.535384611300993685e-01 6.573812448427347466e-01 -5.457906632395623930e-03 -1.364281045922058944e+01 -1.754226504252708735e-02 -1.180757370914705534e-02 9.997765623748542385e-01 -5.089423311890979296e-01
6.570804189453917088e-01 7.535896819161934657e-01 1.865860071789676375e-02 1.925059070130298977e+01 -7.535948973086199487e-01 6.572880295374112780e-01 -8.202442891194181712e-03 -1.427283314342679255e+01 -1.844535210706290534e-02 -8.671352350569996870e-03 9.997924295968834141e-01 -5.188497891325247746e-01
6.569936490886799652e-01 7.536950141023672778e-01 1.741843361577947308e-02 1.979493412646542083e+01 -7.536148643500657496e-01 6.572042541639327995e-01 -1.213734181341222934e-02 -1.490472068696315411e+01 -2.059532361562385963e-02 -5.152624903833615336e-03 9.997747837305531737e-01 -5.147000342637778614e-01
6.570823805741869972e-01 7.535956440639224319e-01 1.834631329159064697e-02 2.035430690271431686e+01 -7.535224055474302185e-01 6.573118617325446333e-01 -1.205041598463740642e-02 -1.553471638690293766e+01 -2.114039110145587638e-02 -5.906233057751165277e-03 9.997592421930522333e-01 -5.221763468550923992e-01
6.571302838873183116e-01 7.534862808693365555e-01 2.093924182448285778e-02 2.092527342729048456e+01 -7.534941987956871312e-01 6.573911240675570644e-01 -9.138663379311347951e-03 -1.617272134256437610e+01 -2.065113014722283133e-02 -9.772295774877169661e-03 9.997391542764239025e-01 -5.506088262125768962e-01
6.572775860159024708e-01 7.533059082615560786e-01 2.272930300067769679e-02 2.149584172923029968e+01 -7.533685267379408579e-01 6.575565896575332747e-01 -7.436962420545300927e-03 -1.682348391482459959e+01 -2.054811184254339354e-02 -1.223538386833350131e-02 9.997141669837621425e-01 -5.780043388273182758e-01
6.573785941099111740e-01 7.531982618528164641e-01 2.336671863177630995e-02 2.206608426421333036e+01 -7.532302992220899496e-01 6.576924148689863303e-01 -9.215330254125594575e-03 -1.748075450791235852e+01 -2.230908548913578676e-02 -1.154255024612617711e-02 9.996846639336499640e-01 -5.946341646357984345e-01
6.571408410084070839e-01 7.534227743094161767e-01 2.280969760204480667e-02 2.263339871055616470e+01 -7.533658031062816507e-01 6.574777506165427887e-01 -1.277085546107598925e-02 -1.813493228350608177e+01 -2.461872318540521409e-02 -8.791786012216345342e-03 9.996584321407623319e-01 -6.055264814888459135e-01
6.568472243749311490e-01 7.536893762229661675e-01 2.245646224159974016e-02 2.320654995676814991e+01 -7.535856682347170654e-01 6.571894259372443869e-01 -1.451963436920276906e-02 -1.878749097208358165e+01 -2.570144476895808508e-02 -7.385677166444227539e-03 9.996425592208653121e-01 -6.132332481025882798e-01
6.567820000950098658e-01 7.537269666715509242e-01 2.309351878930865007e-02 2.378512146705282149e+01 -7.536757339581280357e-01 6.571248336099282383e-01 -1.264764787033188960e-02 -1.944224213917135913e+01 -2.470819900605053521e-02 -9.098267977972468792e-03 9.996534840329523997e-01 -6.295015394440769407e-01
6.569581993409639997e-01 7.535600091150599367e-01 2.352631756522242240e-02 2.436346450696155230e+01 -7.535873516552792362e-01 6.572790226146678627e-01 -9.513893538633560326e-03 -2.010212822538937161e+01 -2.263264573778414959e-02 -1.147889586207036586e-02 9.996781314529175066e-01 -6.522148378576753114e-01
6.571742470874160080e-01 7.533836518605786514e-01 2.313736959639558013e-02 2.494198748066693128e+01 -7.534296427746556279e-01 6.574741840970161899e-01 -8.461509189872581937e-03 -2.077031675683401346e+01 -2.158698699127567164e-02 -1.187168480403013107e-02 9.996966742966050257e-01 -6.704412717770757979e-01
6.571114293576919563e-01 7.534455226885181656e-01 2.290570178472367199e-02 2.552692993475362115e+01 -7.534590253286754802e-01 6.574216497328605469e-01 -9.818373421608510287e-03 -2.144311480782319279e+01 -2.245631486459540374e-02 -1.080673291689052476e-02 9.996896057840494176e-01 -6.857812972234145210e-01
6.568138840793515953e-01 7.537154653836218854e-01 2.255607430318878892e-02 2.612082692686520247e+01 -7.536973248338020293e-01 6.571288235298639036e-01 -1.105357321451812085e-02 -2.211940797881468868e+01 -2.315349669835505692e-02 -9.740302993439127130e-03 9.996846615119314716e-01 -6.979811974809984054e-01
6.567861532072625241e-01 7.537211226961413324e-01 2.316626410458021493e-02 2.672220493564483945e+01 -7.537361287718320479e-01 6.571029606110272425e-01 -9.883497957757400934e-03 -2.279782322584805243e+01 -2.267202324676890687e-02 -1.096989638977001816e-02 9.996829635720040352e-01 -7.123655212389056191e-01
6.570836332857958872e-01 7.533963072435031494e-01 2.520636461015367258e-02 2.732031627528696660e+01 -7.534907661572495252e-01 6.574160891337433865e-01 -7.475834710466167446e-03 -2.347905940071353825e+01 -2.220333721721426748e-02 -1.408050508029598698e-02 9.996545098379540084e-01 -7.290419669707682848e-01
6.574709041893062045e-01 7.529288038556827267e-01 2.881818075875093935e-02 2.792368402645730896e+01 -7.531048483712569075e-01 6.578694995107031707e-01 -6.398947976446312143e-03 -2.416937566530905457e+01 -2.377655559151484535e-02 -1.749598045307647690e-02 9.995643839969549083e-01 -7.528913356632990217e-01
6.576544763489139411e-01 7.526281579043574421e-01 3.227555327535181623e-02 2.853373106602078124e+01 -7.528064697876364342e-01 6.581842412015697086e-01 -8.721348023812828740e-03 -2.486470465262958740e+01 -2.780719387291338829e-02 -1.856160257003003008e-02 9.994411557466803542e-01 -7.774484236040812846e-01
6.576371803289650098e-01 7.525502835694507509e-01 3.437555756156253361e-02 2.915607253912452990e+01 -7.526558445697163480e-01 6.582969794546742470e-01 -1.242600792671422032e-02 -2.556561302782732881e+01 -3.198052269351178700e-02 -1.770115035328433464e-02 9.993319352763717633e-01 -7.962397557293086070e-01
6.576921283633362370e-01 7.525559406982983424e-01 3.317970300240789816e-02 2.977310710388873716e+01 -7.525864262668967575e-01 6.583418836365977356e-01 -1.413416694640451735e-02 -2.626118896223130506e+01 -3.248034076270878145e-02 -1.567465448891968566e-02 9.993496572031338454e-01 -8.128797225529547088e-01
6.582507996753813595e-01 7.521291009827141272e-01 3.174864996563854513e-02 3.038090242470424229e+01 -7.522230012994676196e-01 6.588112657541962403e-01 -1.133204121485551462e-02 -2.695413055148319259e+01 -2.943952756382243324e-02 -1.642273004899236569e-02 9.994318488171337611e-01 -8.291062377186138033e-01
6.591280442191412847e-01 7.513430549257851254e-01 3.215766102217364197e-02 3.099126560574549316e+01 -7.515690216744380647e-01 6.596190791348457427e-01 -6.842576462557548207e-03 -2.765704254351485147e+01 -2.635293029684693603e-02 -1.965855865863865709e-02 9.994595948696618493e-01 -8.536266692230038977e-01
6.600045693188844043e-01 7.505521839653234162e-01 3.264457955641906356e-02 3.161057865421511792e+01 -7.508193485341350115e-01 6.604838250473324957e-01 -5.618850248130025093e-03 -2.836702169934313389e+01 -2.577845832917023683e-02 -2.080170593729619571e-02 9.994514408856303156e-01 -8.851530188977724256e-01
6.607896615610316937e-01 7.498548007887982925e-01 3.278853090077513133e-02 3.223263024830964696e+01 -7.500493865516367764e-01 6.613285436411507900e-01 -8.404031660968997591e-03 -2.907413261671884186e+01 -2.798579606911561282e-02 -1.903971114776576573e-02 9.994271944335544333e-01 -9.085710595355257491e-01
6.613572547825246062e-01 7.494105156608126261e-01 3.147622946201319299e-02 3.285366899548431263e+01 -7.494472078929196313e-01 6.619362628908915802e-01 -1.301639174572576628e-02 -2.977195642332706171e+01 -3.058987968555748269e-02 -1.498127801135704443e-02 9.994199647021901889e-01 -9.242321935383501774e-01
6.619449303123393635e-01 7.489610425031751895e-01 2.977517363817668017e-02 3.347329785031132587e+01 -7.489263503734717720e-01 6.624932593552332882e-01 -1.456582004395296989e-02 -3.047230907012822243e+01 -3.063508462660569781e-02 -1.265763230334173220e-02 9.994507110121665372e-01 -9.334081264339606498e-01
6.626145389616782122e-01 7.484248523443707279e-01 2.832859862982746793e-02 3.409496451206955214e+01 -7.484292914202501645e-01 6.630951130717385178e-01 -1.259476159041304603e-02 -3.117818396834636729e+01 -2.821078892785290962e-02 -1.285647176165531820e-02 9.995195410429921212e-01 -9.499525387063515458e-01
6.631370706334881460e-01 7.479864597722702957e-01 2.767271569139622203e-02 3.471425082160607900e+01 -7.480543969025135187e-01 6.635636320802080768e-01 -9.904061906144925181e-03 -3.188157705294746691e+01 -2.577071296346633220e-02 -1.413293707447142722e-02 9.995681996887105791e-01 -9.758852666431739875e-01
6.632872473940484292e-01 7.478578889170800492e-01 2.754830709099405014e-02 3.532715852247041965e+01 -7.479239760618342503e-01 6.637106232057992106e-01 -9.904566485799940270e-03 -3.257722949037387394e+01 -2.569131335241475744e-02 -1.403445762738087833e-02 9.995716346089295046e-01 -1.000753668708233013e+00
6.630725279195986976e-01 7.480566688175377399e-01 2.731938387461446335e-02 3.593705333094299448e+01 -7.480321783701905369e-01 6.635318299781045592e-01 -1.317336230150955093e-02 -3.326850052694823745e+01 -2.798170342662325422e-02 -1.170087437161168586e-02 9.995401838161490637e-01 -1.017433870111522198e+00
6.627444815320263638e-01 7.483503105612061557e-01 2.723734226523011684e-02 3.655146689629795986e+01 -7.482025375407574952e-01 6.632442020351191347e-01 -1.732801343804477728e-02 -3.396225015357609323e+01 -3.103243469305517685e-02 -8.894994073427382048e-03 9.994790325424874888e-01 -1.027987823422995772e+00
6.626736875196406196e-01 7.483988417245452940e-01 2.762378742571506077e-02 3.715958772641691610e+01 -7.482069177446172281e-01 6.631984755831058509e-01 -1.882443347605923176e-02 -3.464546990905132162e+01 -3.240823865698173878e-02 -8.193843315920296133e-03 9.994413663418693083e-01 -1.038929530649160826e+00
6.627021705569737797e-01 7.483793935649475371e-01 2.746694044161799089e-02 3.775599051069981016e+01 -7.482410574847704332e-01 6.632068801124998414e-01 -1.709178968297919710e-02 -3.531644782520841375e+01 -3.100740764502386837e-02 -9.225117373579252295e-03 9.994768241750197069e-01 -1.057041690261439681e+00
6.624892465469851555e-01 7.485260764230614594e-01 2.858370168951261669e-02 3.834000288825625802e+01 -7.484953028023564325e-01 6.629938909522333779e-01 -1.393081665312681343e-02 -3.597801306123484721e+01 -2.937839909004549485e-02 -1.216574062778531980e-02 9.994945718500614085e-01 -1.073824824168075898e+00
6.616234810939013444e-01 7.491491374850900442e-01 3.209761260243178954e-02 3.891514179950015517e+01 -7.492869413870355544e-01 6.621710119656317728e-01 -9.940745614116839809e-03 -3.662500015419374932e+01 -2.870120928811291730e-02 -1.747328152679267221e-02 9.994355522535480763e-01 -1.085973690459595353e+00
6.601448021478841799e-01 7.503500304323197367e-01 3.440923334979076320e-02 3.949461252455521532e+01 -7.505979820434971472e-01 6.607147491011238216e-01 -7.673441775442364429e-03 -3.726372414856955118e+01 -2.849245508899995658e-02 -2.076190867477855501e-02 9.993786223684707481e-01 -1.105303707964232940e+00
6.587778716156368342e-01 7.515052694104229492e-01 3.538177114900089432e-02 4.006273840641814132e+01 -7.517853035183561516e-01 6.593675621642464124e-01 -7.312693223064815201e-03 -3.789709202743504335e+01 -2.882511972967146188e-02 -2.178204560479766322e-02 9.993473726165142956e-01 -1.119443817803965624e+00
6.572700999497541607e-01 7.528604033169679077e-01 3.460569045878462285e-02 4.060923605753362864e+01 -7.529642299153548324e-01 6.579406345798212152e-01 -1.261741518498672547e-02 -3.853372536171627871e+01 -3.226764209794346500e-02 -1.776378775433085436e-02 9.993216567692770891e-01 -1.139580385656216555e+00
6.559544703418851430e-01 7.539509658251458690e-01 3.580501721416257804e-02 4.113646672229221224e+01 -7.538321107374691410e-01 6.567775216611759781e-01 -1.951016476957689177e-02 -3.915691339313481478e+01 -3.822563787132013391e-02 -1.419318225237329971e-02 9.991685955763300875e-01 -1.146786593287237643e+00
6.546079234162873739e-01 7.550451182264761307e-01 3.735857671007694614e-02 4.165235798609827356e+01 -7.548287352348428403e-01 6.555350250560151304e-01 -2.253057687952397109e-02 -3.975564152679250185e+01 -4.150145749341469653e-02 -1.345062378376980783e-02 9.990481693393991058e-01 -1.153003611895199398e+00
6.523267541467627773e-01 7.571496754357870396e-01 3.456159812180604335e-02 4.215982188206925940e+01 -7.569844448402547332e-01 6.531149386750971786e-01 -2.038740866113489952e-02 -4.033677137815521974e+01 -3.800901580751767789e-02 -1.286333063746024526e-02 9.991948709615326996e-01 -1.173579316141521334e+00
6.491851183604304687e-01 7.600445758552818454e-01 2.985388009462464770e-02 4.264792149642417485e+01 -7.600432763205779985e-01 6.497260535151214711e-01 -1.380196569702655217e-02 -4.091218795452176948e+01 -2.988695281677874668e-02 -1.373020061931928999e-02 9.994592507486339539e-01 -1.187525839804259853e+00
6.453450312231842068e-01 7.633783672603997594e-01 2.799265410303422574e-02 4.311714519651929578e+01 -7.634595695147577965e-01 6.457789417781379937e-01 -9.963292056126794513e-03 -4.148615211373811462e+01 -2.568282816100968605e-02 -1.494148908561139001e-02 9.995587472095065484e-01 -1.197624612468547678e+00
6.407609171715167307e-01 7.670846093248597786e-01 3.173296060019667464e-02 4.357812428316565700e+01 -7.671299174924179898e-01 6.413523229531287173e-01 -1.338336131865821080e-02 -4.205151263924089022e+01 -3.061817848938546208e-02 -1.576775883260654598e-02 9.994070519669064900e-01 -1.213260218662691514e+00
6.345037536261721733e-01 7.719883405472995896e-01 3.793843952950805981e-02 4.402742215416277105e+01 -7.719088055245597602e-01 6.354197113774846528e-01 -1.997032954015100226e-02 -4.260004884771695544e+01 -3.952369384840721117e-02 -1.661375684519332888e-02 9.990807860509760552e-01 -1.234112050805586058e+00
6.253458479810961590e-01 7.792628240561405573e-01 4.113828548963068682e-02 4.446227222475121721e+01 -7.791006272553221423e-01 6.264575140241999129e-01 -2.352503934616674564e-02 -4.313693126783896048e+01 -4.410357671419817827e-02 -1.733956862105781593e-02 9.988767565746304866e-01 -1.252338124063788749e+00
6.133990360074498271e-01 7.888077886385539417e-01 3.904142435485027235e-02 4.487926552508287870e+01 -7.887331334701612739e-01 6.143784213830723040e-01 -2.096264726188898711e-02 -4.367052496523385230e+01 -4.052170832400046191e-02 -1.793478767923092215e-02 9.990179664787064429e-01 -1.258942932816319749e+00
5.993097657626206276e-01 7.997437618736457088e-01 3.518606412448545273e-02 4.527241234419435045e+01 -7.998487058382459658e-01 6.000265425768862571e-01 -1.450621202858844681e-02 -4.420644555830873657e+01 -3.271382542105507468e-02 -1.944980360986438978e-02 9.992757758494614784e-01 -1.264597287501072920e+00
5.835534528814565469e-01 8.113258904944473660e-01 3.487130112681390004e-02 4.564525492335410917e+01 -8.115872857732058243e-01 5.841529170966198725e-01 -9.575115684935065624e-03 -4.474849302464618717e+01 -2.813871216069127948e-02 -2.271350334579286950e-02 9.993462253562778175e-01 -1.276706641257997266e+00
5.661195777338444701e-01 8.234885628257887502e-01 3.708843587949774145e-02 4.600321567849374560e+01 -8.237847550410969388e-01 5.668028400577813652e-01 -1.065168365186032126e-02 -4.528850759589689545e+01 -2.979337130604867503e-02 -2.452275195652959053e-02 9.992555047063818030e-01 -1.301272557415705799e+00
5.464315303790695522e-01 8.366189408031360353e-01 3.849250053499553986e-02 4.633899725289093396e+01 -8.368186651704523360e-01 5.472662823516311059e-01 -1.530978711984205647e-02 -4.582358938341626242e+01 -3.387410647122210405e-02 -2.384548270980839033e-02 9.991418936966368625e-01 -1.320086330967009225e+00
5.239569756543842605e-01 8.508888402111904892e-01 3.817867914571673044e-02 4.665289625536338036e+01 -8.509592943101380591e-01 5.248722426838430266e-01 -1.943370153105094741e-02 -4.635592794445445719e+01 -3.657484959100484878e-02 -2.230606828102640188e-02 9.990822360548844427e-01 -1.330258533308249058e+00
4.987775661417772066e-01 8.658082792647461279e-01 3.996633496302435390e-02 4.694896647498037368e+01 -8.659823786467977236e-01 4.997321434141829832e-01 -1.850857178256630139e-02 -4.688775794809813391e+01 -3.599733936289359337e-02 -2.537847155339418431e-02 9.990298909312858022e-01 -1.328273449148138941e+00
4.703946478209865556e-01 8.814486672218506680e-01 4.216002008529523559e-02 4.722059707488388369e+01 -8.818317924109517758e-01 4.713220308921747814e-01 -1.511612805363627028e-02 -4.741685217370741157e+01 -3.319504002450874430e-02 -3.006749058960640417e-02 9.989968144861747223e-01 -1.341561788734182414e+00
4.388460531855642999e-01 8.975685067692492636e-01 4.225236759453286639e-02 4.746373333182672383e+01 -8.980972371694578849e-01 4.396465014376540470e-01 -1.151415879229852716e-02 -4.794346742798873606e+01 -2.891085548549504267e-02 -3.289378232551931625e-02 9.990409235840927993e-01 -1.356009224559891813e+00
4.044486624980523914e-01 9.136192025642355663e-01 4.149190644435415964e-02 4.768159374693291142e+01 -9.142261558456816761e-01 4.051116061130939916e-01 -8.682951405599327946e-03 -4.847266533044478365e+01 -2.474176786948081852e-02 -3.442116933684841174e-02 9.991014142116297903e-01 -1.364024445592954216e+00
3.670505239236144246e-01 9.292994382278960686e-01 4.094897821815212530e-02 4.787713279047660109e+01 -9.299367500543207488e-01 3.676399687535192862e-01 -7.666080449987451410e-03 -4.901198352719605111e+01 -2.217856652057042383e-02 -3.526611162577466402e-02 9.991321364264413862e-01 -1.368395770778278786e+00
3.263831945544775626e-01 9.442510248474461632e-01 4.317828688469654147e-02 4.805216699899582977e+01 -9.449970040188673259e-01 3.269902201162495636e-01 -7.637706421627698215e-03 -4.956416515124743682e+01 -2.133079123730296719e-02 -3.831052324391581720e-02 9.990384960076447163e-01 -1.374523434982580561e+00
2.826962540631463017e-01 9.581112829268815245e-01 4.589063407258876098e-02 4.820269357562126800e+01 -9.589812767644995128e-01 2.833491476319521807e-01 -8.273492010908409938e-03 -5.013002146419313476e+01 -2.093000015928600174e-02 -4.166936392470118461e-02 9.989125178710467345e-01 -1.392632397558501767e+00
2.370439316083920167e-01 9.702975776582812850e-01 4.830260607505938025e-02 4.832419804956731468e+01 -9.713018399395395575e-01 2.377044903637002271e-01 -8.342467416246621484e-03 -5.069772890497954876e+01 -1.957642584229280294e-02 -4.493886662637624346e-02 9.987982222200486593e-01 -1.400659175194390205e+00
1.890999451163064005e-01 9.806335419140413956e-01 5.098455353704692966e-02 4.841603413646906517e+01 -9.818137817109262588e-01 1.897069190294292385e-01 -7.298570783804796125e-03 -5.125869376931958499e+01 -1.682935049846559158e-02 -4.867716575295454734e-02 9.986730866198583190e-01 -1.398806142603414626e+00
1.395509433322517923e-01 9.887605064155168266e-01 5.365215477990172011e-02 4.847940465245001462e+01 -9.900999548734157329e-01 1.401557589421402461e-01 -7.663757751029198241e-03 -5.182504201847438452e+01 -1.509728493409606340e-02 -5.205149856956876875e-02 9.985305934394420602e-01 -1.403674270728518803e+00
8.791918921217643790e-02 9.947299801726138258e-01 5.275266096109616082e-02 4.850621759951724243e+01 -9.960307151981063756e-01 8.852639647155369218e-02 -9.283461178363434929e-03 -5.239237418085920694e+01 -1.390454620343915294e-02 -5.172706370371967649e-02 9.985647748410447777e-01 -1.414807040029739671e+00
3.425510631712423010e-02 9.981988662593435091e-01 4.925421027829249287e-02 4.849203709253745842e+01 -9.993237677468792546e-01 3.486988804842999778e-02 -1.167858973848119597e-02 -5.296253096769010682e+01 -1.337505035077197167e-02 -4.882083946532409652e-02 9.987183159080322836e-01 -1.407756824325544498e+00
-1.920349377954948603e-02 9.987326113801731076e-01 4.652705208214144572e-02 4.845154269068979147e+01 -9.997434077126459151e-01 -1.862162318235534297e-02 -1.290911539874892329e-02 -5.354206693424097097e+01 -1.202635262010309791e-02 -4.676300190034267390e-02 9.988339366632527083e-01 -1.405469219935764791e+00
