1.000000000000000000e+00 0.000000000000000000e+00 0.000000000000000000e+00 0.000000000000000000e+00 0.000000000000000000e+00 1.000000000000000000e+00 0.000000000000000000e+00 0.000000000000000000e+00 0.000000000000000000e+00 0.000000000000000000e+00 1.000000000000000000e+00 0.000000000000000000e+00
9.999999944100780302e-01 -1.057333563620930182e-04 -5.489128165060211429e-07 3.408998933505446444e-03 1.057332023143691139e-04 9.999999570254285430e-01 -2.734403607939141787e-04 -4.220418400973292741e-04 5.778245600283302276e-07 2.734403012270940608e-04 9.999999626150332110e-01 -2.347108815888394266e-03
9.999999815530743463e-01 -1.877162424501192968e-04 4.069967151412658986e-05 2.368552946661562839e-04 1.877312001039077095e-04 9.999999147323237469e-01 -3.678210731386304068e-04 -1.434168065175671705e-03 -4.063062205401661624e-05 3.678287069516396465e-04 9.999999315255950760e-01 5.163590244025547185e-04
9.999999933482003334e-01 -9.350002800628257808e-05 6.753772300774484754e-05 -1.156223381766742844e-04 9.351797703297883328e-05 9.999999603000518933e-01 -2.658087329594637123e-04 -1.230956534597303989e-03 -6.751286720252472904e-05 2.658150471825863718e-04 9.999999623921860259e-01 4.307467440779552334e-03
9.999999996155840565e-01 -2.347586908867900499e-05 -1.475518503197540355e-05 1.690385357583165746e-03 2.347536196788540475e-05 9.999999991338662797e-01 -3.436822266631771669e-05 1.549668299336776425e-04 1.475599184309156680e-05 3.436787626979649499e-05 9.999999993005549426e-01 1.001576028209819579e-03
9.999999991450695402e-01 -2.260648472481955134e-05 -3.462380411758591642e-05 -5.212829902370803500e-03 2.261691188448008784e-05 9.999999543880256914e-01 3.011850291098863057e-04 -1.698274685534612418e-03 3.461699380356593193e-05 -3.011858119359208785e-04 9.999999540443841317e-01 -1.355430717704207613e-03
9.999999988984237254e-01 -1.908266525376343112e-05 -4.288361484105229375e-05 -7.374170035571497341e-03 1.909399920186679044e-05 9.999999648876429781e-01 2.643106731843854825e-04 -3.680339485493399742e-03 4.287856958320812535e-05 -2.643114917129346761e-04 9.999999641504311310e-01 -2.701590345154228356e-03
9.999999971990586323e-01 -7.311397644527525179e-05 -1.600715748456223693e-05 -1.225114903349779766e-03 7.311090853785070219e-05 9.999999789768599934e-01 -1.915752451061648377e-04 -5.706538987412608857e-03 1.602116397599971434e-05 1.915740742717470294e-04 9.999999815213480581e-01 1.452465130445748827e-03
9.999999998122321987e-01 -1.502352574796393253e-05 1.224048147015479598e-05 5.049156190097827193e-03 1.502672852263131692e-05 9.999999656446368901e-01 -2.616962406536739189e-04 -1.453673273438317939e-03 -1.223654944941900664e-05 2.616964245389278394e-04 9.999999656826235039e-01 2.783323306848657468e-03
9.999999980584306503e-01 6.387684212851831138e-06 6.198657985394956382e-05 -3.362682125980715961e-03 -6.379289773670362329e-06 9.999999908099922452e-01 -1.354227460881588429e-04 -1.285598559390385785e-03 -6.198744432202966405e-05 1.354223503948712452e-04 9.999999889091718552e-01 1.494279163536350527e-03
9.999999940352826133e-01 -8.869034975147625441e-05 6.374524765366552644e-05 -6.846925558590381648e-03 8.870390611557044179e-05 9.999999734465784273e-01 -2.126933462768020912e-04 -2.983195517291225814e-04 -6.372638211374000194e-05 2.126989994606095591e-04 9.999999753490416143e-01 1.022676539973755303e-03
9.999999920668940501e-01 -1.257654716063606661e-04 -7.018407341160405866e-06 -3.107285751740812389e-03 1.257658230619616705e-04 9.999999908365586609e-01 5.009830789648897189e-05 -5.342308177328413061e-04 7.012106639528358194e-06 -5.009919017482963557e-05 9.999999987204507557e-01 -1.699076237355740850e-03
9.999999977980771337e-01 -5.859767321267579291e-05 -3.114736614522231443e-05 -3.084124984129711471e-03 5.860340128613182050e-05 9.999999813671004434e-01 1.839332492418096208e-04 -3.421375727239761404e-03 3.113658750442455298e-05 -1.839350741784000285e-04 9.999999825992005320e-01 -2.440768427146593547e-03
9.999999995870167968e-01 -2.848465609572244951e-05 3.819772812887228361e-06 -4.305539880343160070e-03 2.848538835632789974e-05 9.999999811930317950e-01 -1.918398259231189227e-04 2.905191473652445067e-04 -3.814308249581998682e-06 1.918399346516043392e-04 9.999999815914450974e-01 3.379413495964433967e-04
9.999999992595189902e-01 3.417204577263951450e-05 1.769840076283203775e-05 -9.298151214076250809e-03 -3.416867373484272507e-05 9.999999812724410519e-01 -1.904930950665450703e-04 7.372965448786423376e-04 -1.770490997014818169e-05 1.904924901946072684e-04 9.999999816995734925e-01 5.786996571844579482e-03
9.999999988319226985e-01 3.980027418835662193e-05 2.742430887580682542e-05 -8.521576175644519219e-03 -3.979676003631054954e-05 9.999999909996304392e-01 -1.281286733786199037e-04 -9.984061791708030535e-04 -2.742940818530977250e-05 1.281275818303162278e-04 9.999999914154751313e-01 2.974896621697325008e-03
9.999999992768503487e-01 -3.746674357528317765e-05 6.522460411446299420e-06 -6.818276041899558326e-03 3.746739328063145540e-05 9.999999943341457698e-01 -9.963886230920569970e-05 1.095546400370325628e-03 -6.518727230786718104e-06 9.963910661674127303e-05 9.999999950147773209e-01 -2.876473328850287763e-03
9.999999988606184109e-01 -3.808440761812165962e-05 -2.878091587663414520e-05 -1.317390467278784470e-02 3.809000696096547124e-05 9.999999803448514912e-01 1.945750449169312039e-04 -1.062789720955437892e-03 2.877350503561803551e-05 -1.945761409605220517e-04 9.999999806561051807e-01 -2.147624676338538881e-03
9.999999892073462293e-01 -1.217127860141139876e-04 -8.228794013629632032e-05 -2.989640782305323999e-02 1.217206947989946174e-04 9.999999879731885644e-01 9.611292973140499998e-05 -3.027938970116491463e-03 8.227624097418518244e-05 -9.612294483933839955e-05 9.999999919954998262e-01 3.500633568573106522e-03
9.999999186616557179e-01 -9.454869053374820049e-05 -3.920933907311294057e-04 -3.304664292292157357e-02 9.445635928348206653e-05 9.999999678101362255e-01 -2.354946343481075627e-04 3.162904579469365957e-03 3.921156438190019178e-04 2.354575794791763464e-04 9.999998954025195452e-01 3.100972577635589984e-03
9.999992217349878976e-01 -6.575747271800764246e-05 -1.245875344203504261e-03 2.601488275141636275e-02 6.507246938360861728e-05 9.999998467155549742e-01 -5.498494705868380928e-04 2.910809904685106655e-03 1.245911309941754707e-03 5.497679704730417142e-04 9.999990727296632631e-01 2.207349586529854576e-03
9.999980898453200151e-01 9.148752121254485794e-05 -1.952417922672890910e-03 3.712470306334236109e-02 -9.243694645822069596e-05 9.999998775339006274e-01 -4.861970738469024501e-04 6.760325946546360577e-03 1.952373202602776438e-03 4.863766206862686647e-04 9.999979758362816940e-01 4.828036519500644719e-03
9.999981986085090258e-01 1.299573850428913590e-04 -1.893644849227490079e-03 6.439827668162619034e-02 -1.302132610303936790e-04 9.999999824096352796e-01 -1.350008733390387571e-04 5.058470846007151293e-03 1.893627271557108771e-03 1.352472078206655849e-04 9.999981979403509413e-01 6.167062454655490404e-03
9.999990196618566696e-01 3.991679681301550723e-05 -1.399672095486492003e-03 1.304711227625330872e-01 -3.962850623452417669e-05 9.999999779973648417e-01 2.059972121203258071e-04 -4.026645532014018480e-04 1.399680287438877539e-03 -2.059415432590390850e-04 9.999989992410861506e-01 1.066458329345036996e-02
9.999993599286898238e-01 -8.434861012581805863e-05 -1.128285213379034198e-03 2.217892513172017299e-01 8.366108600327790167e-05 9.999998108244738670e-01 -6.093864448061422868e-04 -5.652541356072573846e-03 1.128336400834734077e-03 6.092916611890893510e-04 9.999991778099810436e-01 1.263878356807277004e-02
9.999990970339972529e-01 2.695027187734645645e-05 -1.343579127909679720e-03 3.316564261275443126e-01 -2.819161238576540685e-05 9.999995728111774618e-01 -9.238953921065679075e-04 -2.446926927414428549e-03 1.343553654715690668e-03 9.239324355224224098e-04 9.999986706053320962e-01 1.612624581160876369e-02
9.999983296023512436e-01 1.286189465723104098e-04 -1.823252498647377545e-03 5.267375046901288105e-01 -1.305166187255583996e-04 9.999994499166285911e-01 -1.040736206941396532e-03 -9.839524457317012918e-05 1.823117637311899618e-03 1.040972433249289777e-03 9.999977963068087394e-01 5.074115464582498042e-03
9.999975389161607220e-01 1.581850520735838118e-04 -2.212948058800553574e-03 7.331137641003073746e-01 -1.597978724183875200e-04 9.999997217647368375e-01 -7.286529275232562141e-04 -4.640705897944447274e-03 2.212832181079084099e-03 7.290047586388806672e-04 9.999972859592171082e-01 5.738525146725381373e-03
9.999976190297367173e-01 1.205839911033973710e-04 -2.178851614651454612e-03 8.894944905866073448e-01 -1.223746637434683273e-04 9.999996548938951957e-01 -8.217277724960947221e-04 -9.050761055667561755e-04 2.178751775502052804e-03 8.219924522203937408e-04 9.999972886808790040e-01 1.698028730241116918e-02
9.999981577492601525e-01 3.207082619740022445e-05 -1.919236709728725388e-03 1.060816054757854010e+00 -3.428917863328283803e-05 9.999993314408046619e-01 -1.155829656977129961e-03 -7.342981312526771116e-04 1.919198358193332198e-03 1.155893336699468504e-03 9.999974902909787300e-01 2.606142060964558235e-02
9.999980738721570006e-01 -2.454083307077460448e-05 -1.962562030521774505e-03 1.342951272967561449e+00 2.226415405519834557e-05 9.999993268730623663e-01 -1.160067984950357471e-03 2.315165581854058963e-03 1.962589178503173874e-03 1.160022055727721402e-03 9.999974012928967149e-01 2.502083805420434598e-02
9.999976047049755623e-01 6.947259512371665232e-05 -2.187637508817762751e-03 1.621988706104349864e+00 -7.253211005224832308e-05 9.999990194690552281e-01 -1.398499203102461161e-03 2.697010993376555178e-03 2.187538206402571839e-03 1.398654527248822336e-03 9.999966292153733560e-01 1.774895238961365224e-02
9.999973947837440535e-01 1.374829719986331614e-04 -2.278491640768682581e-03 1.882819152159308729e+00 -1.385980132788777297e-04 9.999998707241134488e-01 -4.892262739679789944e-04 -5.886520168283872201e-03 2.278424085932530437e-03 4.895407938424204070e-04 9.999972845630611396e-01 2.117962372677753558e-02
9.999975677513202044e-01 1.635472536670358067e-04 -2.199487153754900708e-03 2.195758978843330045e+00 -1.665128195240579169e-04 9.999990773372671171e-01 -1.348183257324493288e-03 4.667758614925208993e-03 2.199264632700897570e-03 1.348546221015024154e-03 9.999966723235458321e-01 1.954649231185150160e-02
9.999980172036395665e-01 1.292903798996971265e-04 -1.987177089990608408e-03 2.523421420780111113e+00 -1.323473831632190607e-04 9.999988080421092773e-01 -1.538310284321579716e-03 6.342044331344753524e-03 1.986975832638132253e-03 1.538570231853288910e-03 9.999968423593557088e-01 2.053728434969786035e-02
9.999981956566296182e-01 -5.377278512626477573e-06 -1.899645906483226525e-03 2.912133415968272132e+00 6.907587811850369922e-07 9.999969568491232641e-01 -2.467041145901593437e-03 1.043374556229463221e-02 1.899653391541464243e-03 2.467035382315165871e-03 9.999951525149581855e-01 1.579922298502370662e-02
9.999984659821290478e-01 -1.917070826636799370e-04 -1.741057662184785802e-03 3.285006652556651474e+00 1.883609542327560637e-04 9.999981354954937673e-01 -1.921854751826811494e-03 2.234389699221449657e-03 1.741422849142705001e-03 1.921523856384653364e-03 9.999966375906119698e-01 1.175122827850166689e-02
9.999983863102841486e-01 -5.266119318131167555e-04 -1.717572909958790936e-03 3.687605274124398314e+00 5.241832591179137633e-04 9.999988626937408309e-01 -1.414158101358076007e-03 -3.841639303343902939e-03 1.718315669082015476e-03 1.413255496379976599e-03 9.999975250470189980e-01 1.488421126276822173e-02
9.999984992715855725e-01 -7.687384631479249981e-04 -1.552577132333745388e-03 4.089205726024397691e+00 7.668493612795218182e-04 9.999989654487003721e-01 -1.216981341733969473e-03 -2.703675400326668518e-03 1.553511066479379768e-03 1.215788922593222937e-03 9.999980542284380158e-01 1.085558975664696613e-02
9.999984554631644595e-01 -7.331666882526754938e-04 -1.597353402570681142e-03 4.511167477043856344e+00 7.309079997548542477e-04 9.999987329836568239e-01 -1.414144468180031410e-03 1.439454312199717635e-03 1.598388182314260759e-03 1.412974765601434897e-03 9.999977243261758408e-01 1.890537575840025783e-02
9.999982378495612112e-01 -8.362614420597762983e-04 -1.680763092415951026e-03 4.945041913374634390e+00 8.332853268487521803e-04 9.999980852792796915e-01 -1.770613830971325695e-03 7.390947336424390224e-03 1.682240570299651248e-03 1.769210155660567345e-03 9.999970199766040624e-01 1.415812780570879781e-02
9.999983805260513892e-01 -9.474454271586523011e-04 -1.530128242074122857e-03 5.395197555347210461e+00 9.443923047408736560e-04 9.999975643872056619e-01 -1.994829023070393732e-03 3.399516609715838578e-03 1.532014506910070722e-03 1.993380751159677319e-03 9.999968396773719626e-01 2.071901224414843951e-02
9.999981017694797858e-01 -1.070455578320826662e-03 -1.628060899375006945e-03 5.908577952703567782e+00 1.065979406834425842e-03 9.999956566997595386e-01 -2.747775376702095776e-03 6.553288351609941678e-03 1.630995199697674730e-03 2.746034681399206652e-03 9.999948995610863367e-01 1.636048440174923957e-02
9.999978361322255926e-01 -1.271788089740853245e-03 -1.646294603408094076e-03 6.403300247839073478e+00 1.268687910418294035e-03 9.999974227403770621e-01 -1.882802057988276767e-03 -8.169472405001737547e-04 1.648684885712174480e-03 1.880709349793247259e-03 9.999968723803536186e-01 1.536408126668087175e-02
9.999965168438095242e-01 -2.018553105537092707e-03 -1.700512748786605364e-03 6.891921115873326009e+00 2.016232850061206502e-03 9.999970357095161466e-01 -1.365055777272869983e-03 1.370127476551573874e-03 1.703263145551291722e-03 1.361622392904337587e-03 9.999976224367316258e-01 1.280318279117698653e-02
9.999923506085720559e-01 -3.528806622389350344e-03 -1.687082737883567303e-03 7.407455234702900349e+00 3.526153901596062751e-03 9.999925462907655049e-01 -1.572768760314068644e-03 6.996330954102531613e-03 1.692620159676267800e-03 1.566807816211691906e-03 9.999973400715934657e-01 2.145356987605825244e-02
9.999864031841085854e-01 -4.777072053795450128e-03 -2.091178974254878122e-03 7.934079812291874312e+00 4.773693636314190435e-03 9.999872975653638640e-01 -1.617577505743651636e-03 6.467872849822685691e-03 2.098879695488181478e-03 1.607572864078321302e-03 9.999965052006484223e-01 3.778785863024698710e-02
9.999776563209190616e-01 -6.042032779877379821e-03 -2.860192092996094448e-03 8.468715347641825986e+00 6.036718088567367795e-03 9.999800431367491527e-01 -1.863159398555936817e-03 4.394523746487768306e-03 2.871392282693834876e-03 1.845851595375692022e-03 9.999941739521519546e-01 4.127966293372339890e-02
9.999705365606447183e-01 -6.936088279662992392e-03 -3.288873666321250229e-03 9.008273393683499108e+00 6.930273782485667222e-03 9.999744081615793423e-01 -1.776042566767147782e-03 6.071071521778909075e-03 3.301108286029331811e-03 1.753197443501075883e-03 9.999930144670051702e-01 4.131793944922142192e-02
9.999707426449188086e-01 -6.822363032754834994e-03 -3.459655592508039442e-03 9.593450725069208929e+00 6.819712457391210320e-03 9.999764433410175402e-01 -7.773577343795471956e-04 1.229231766013244923e-02 3.464877511251307236e-03 7.537411346057770918e-04 9.999937132293053033e-01 4.341008670400037239e-02
9.999764679135677570e-01 -5.948015619383129060e-03 -3.418293331033536286e-03 1.018107192556046314e+01 5.946558230592343189e-03 9.999822238615651004e-01 -4.363554614927070375e-04 3.045580766690253807e-02 3.420828016078634407e-03 4.160181127960356278e-04 9.999940624146796964e-01 4.533248358603711448e-02
9.999780407195917320e-01 -5.795056660797263948e-03 -3.214871211196807660e-03 1.076856163958418122e+01 5.795201491313935541e-03 9.999832070402874251e-01 3.573649069937287004e-05 4.308484113440874674e-02 3.214610129005615775e-03 -5.436653238926277584e-05 9.999948316496434231e-01 3.270964798232441767e-02
9.999742309675689889e-01 -6.590492094935830776e-03 -2.846544355111605383e-03 1.137705439775586846e+01 6.590265260988106659e-03 9.999782800001745242e-01 -8.905999281429448269e-05 4.212247338370612992e-02 2.847069477347327279e-03 7.029821544709752355e-05 9.999959446185530121e-01 3.536595961770523655e-02
9.999737131829751213e-01 -6.921061788369781836e-03 -2.161445528965258000e-03 1.199160220015580336e+01 6.918937981877863741e-03 9.999755752616367177e-01 -9.885228180142443741e-04 4.123565709080181246e-02 2.168234363726416394e-03 9.735419253296844801e-04 9.999971754839428462e-01 5.666953944941868077e-02
9.999779015505356750e-01 -6.415714305938377375e-03 -1.742131031716130868e-03 1.265952621132326783e+01 6.412521552017749239e-03 9.999777612151565798e-01 -1.832114207203534850e-03 4.037162420277237013e-02 1.753846610168215961e-03 1.820902267532995434e-03 9.999968041633933158e-01 6.144236184624038422e-02
9.999806172301659579e-01 -5.945410109489192817e-03 -1.848583946265071071e-03 1.332645122611743105e+01 5.943682495034375950e-03 9.999818956192423336e-01 -9.386544331448068348e-04 4.961707219481367725e-02 1.854131164353581274e-03 9.276488433799582028e-04 9.999978508303148939e-01 5.631012865538440049e-02
9.999815222888175370e-01 -5.768999010444365340e-03 -1.916698034777403062e-03 1.397193105762584331e+01 5.770156101588438426e-03 9.999831732812208829e-01 5.987094311751519011e-04 4.900054669414266595e-02 1.913211828922594141e-03 -6.097580152554738170e-04 9.999979839057979714e-01 5.726819953420750342e-02
9.999801619258928964e-01 -6.082239907968230684e-03 -1.637715594007646113e-03 1.462941553377852699e+01 6.082380478894626290e-03 9.999814988830081353e-01 8.086657066874561089e-05 5.851467101142412974e-02 1.637193444556500014e-03 -9.082617579069732076e-05 9.999986556732118892e-01 5.434278065935943536e-02
9.999761509363251921e-01 -6.720707193623077884e-03 -1.590488412217461699e-03 1.531202498905125076e+01 6.718286158397891554e-03 9.999762727651307914e-01 -1.522674571464692093e-03 6.730173685759409385e-02 1.600684124271337799e-03 1.511952900816988495e-03 9.999975759014418930e-01 5.155635635631568292e-02
9.999735985697044693e-01 -6.963206755495981309e-03 -2.077478095130126656e-03 1.599315433136458608e+01 6.959392777179919387e-03 9.999740949159200420e-01 -1.837484492302720630e-03 5.633229282591303844e-02 2.090219062315319502e-03 1.822977994033980059e-03 9.999961538603560074e-01 6.479654889393547668e-02
9.999711126009691586e-01 -6.728766650885650673e-03 -3.535203379980877275e-03 1.667780665723336853e+01 6.718514228728892680e-03 9.999732137887815675e-01 -2.904009554744130771e-03 6.449533709646133872e-02 3.554649087922256284e-03 2.880174351251481128e-03 9.999895344780205253e-01 7.118441920219747976e-02
9.999636613679181441e-01 -7.032371148664881555e-03 -4.818889882023140100e-03 1.739831133419459874e+01 7.019234739882142596e-03 9.999716177180064669e-01 -2.737535771389103777e-03 7.630080420746669645e-02 4.838004478508767248e-03 2.703611373816332784e-03 9.999846419811683207e-01 7.805293315344466465e-02
9.999652244777132992e-01 -7.049153520949788358e-03 -4.456374072562900059e-03 1.812904860571376631e+01 7.044391676799361020e-03 9.999746011357343312e-01 -1.083341743332927147e-03 8.929370777569606288e-02 4.463897527987121562e-03 1.051911625132521261e-03 9.999894834950978639e-01 8.520796424585729001e-02
9.999712902491874056e-01 -6.822818953433866171e-03 -3.296637514799143683e-03 1.887288342708763622e+01 6.824072999701110559e-03 9.999766475487974482e-01 3.693030771822690102e-04 9.074229463003319340e-02 3.294040842197886333e-03 -3.917889696374914034e-04 9.999944978830299647e-01 8.700193716850349035e-02
9.999705868485128102e-01 -7.397896691894795956e-03 -2.023996634640006908e-03 1.960714850007846266e+01 7.396805648453226231e-03 9.999724941915503207e-01 -5.460096417045208700e-04 9.204218093058498529e-02 2.027980285898380464e-03 5.310224721006604571e-04 9.999978026531328723e-01 8.130667668738812692e-02
9.999638445378794538e-01 -8.346560778914491330e-03 -1.626204226856293534e-03 2.034984155317004095e+01 8.343624236054593413e-03 9.999635636299377683e-01 -1.804258053305722457e-03 9.308676128185726373e-02 1.641204323380049358e-03 1.790624382522047883e-03 9.999970500519936856e-01 8.707199513697473636e-02
9.999572233455531478e-01 -8.661023660081153264e-03 -3.246251409092926112e-03 2.109073903342432388e+01 8.655253468137207723e-03 9.999609452249372810e-01 -1.787347826354745593e-03 1.115523944955021662e-01 3.261604889287200281e-03 1.759174240827404310e-03 9.999931335961945722e-01 1.038292882712452680e-01
9.999531079843108072e-01 -8.351762135513673621e-03 -4.902030370070255619e-03 2.184996620530039024e+01 8.348526630693584374e-03 9.999649191506875257e-01 -6.801257644638308451e-04 1.223029701420277060e-01 4.907538651288553821e-03 6.391691409068127805e-04 9.999877536886115914e-01 1.108461140230277281e-01
9.999532731439455535e-01 -8.233648626165187071e-03 -5.065427821086446181e-03 2.261200515682353185e+01 8.234351985641071361e-03 9.999660901850006001e-01 1.180148289046632364e-04 1.274219369834364846e-01 5.064284360732262263e-03 -1.597198300794254228e-04 9.999871636743591363e-01 1.041572572112932360e-01
9.999564207032369811e-01 -8.793943009786135689e-03 -3.134208147458183123e-03 2.337794359962289903e+01 8.794594126653853400e-03 9.999613079859801523e-01 1.940234910947924451e-04 1.272840477924983560e-01 3.132380647109353662e-03 -2.215791242528414014e-04 9.999950695349318908e-01 1.016613635714978814e-01
9.999591212235482418e-01 -9.039804645167081459e-03 1.944577237104132782e-04 2.414359454558701046e+01 9.039789792168829996e-03 9.999591372912086662e-01 7.712545074078992519e-05 1.286849398516859977e-01 -1.951469766489442447e-04 -7.536444100092457216e-05 9.999999781189290449e-01 9.846811768310397006e-02
9.999558291029769785e-01 -9.072842231039645114e-03 2.454256879096170570e-03 2.489555074354701603e+01 9.075241390342674366e-03 9.999583504372434595e-01 -9.681862083126275675e-04 1.363901321843445646e-01 -2.445370459651975432e-03 9.904164162710278867e-04 9.999965196132621914e-01 1.209047661570801235e-01
9.999556106646682041e-01 -9.200460133136875371e-03 2.031805499797229020e-03 2.564439657228924574e+01 9.201841969849003725e-03 9.999574364854124653e-01 -6.718049451506042866e-04 1.429846925182373107e-01 -2.025538104399097344e-03 6.904714772982207052e-04 9.999977102196417889e-01 1.339371386605996972e-01
9.999574084975607624e-01 -9.137027907494075368e-03 1.302271807331936791e-03 2.640754138916526017e+01 9.136311791415226147e-03 9.999581091300725477e-01 5.547899241422674620e-04 1.506908506091834410e-01 -1.307286385052730104e-03 -5.428683335369057297e-04 9.999989981476380407e-01 1.310118226392361085e-01
9.999564783894279163e-01 -9.198989650612421007e-03 1.555608055266356803e-03 2.716447775556053656e+01 9.197531883124341126e-03 9.999572584129390318e-01 9.416764505300863428e-04 1.675844576270189012e-01 -1.564204038031881709e-03 -9.273277125683640487e-04 9.999983466631536810e-01 1.219771668772413886e-01
9.999496439185665553e-01 -9.748818839448933349e-03 2.381209433767632073e-03 2.792399698271228559e+01 9.745573504581512420e-03 9.999515712951364543e-01 1.370715672382183349e-03 1.754826037860107713e-01 -2.394456973649193490e-03 -1.347440396945577415e-03 9.999962254829655173e-01 1.233790495762871753e-01
9.999489141081970844e-01 -1.005945808445148429e-02 9.881684495767410585e-04 2.866165973740154271e+01 1.005901404256592108e-02 9.999493040902623919e-01 4.533055166033224956e-04 1.862632501106255278e-01 -9.926783613219375239e-04 -4.433423587760345957e-04 9.999994090184373130e-01 1.432111661587655294e-01
9.999464573640749476e-01 -1.019330780127035603e-02 -1.782941699771212673e-03 2.939552010795003767e+01 1.019380316708376651e-02 9.999480056644863835e-01 2.689695280658965446e-04 1.873809866913524469e-01 1.780107307713535382e-03 -2.871300834742338427e-04 9.999983743858227303e-01 1.607594616028568402e-01
9.999393921584260880e-01 -9.990534123339257777e-03 -4.626147183967521496e-03 3.012292235438323118e+01 9.997257042706136215e-03 9.999490002314953552e-01 1.432406246466323045e-03 1.968724472191606123e-01 4.611600748048265246e-03 -1.478568213930982070e-03 9.999882734185323585e-01 1.779022230482994738e-01
9.999372729584127262e-01 -1.014384485613565798e-02 -4.748953571827622781e-03 3.086148676778850586e+01 1.015952508101198443e-02 9.999429802264355738e-01 3.289429434203139119e-03 2.118529063183599292e-01 4.715315325724525782e-03 -3.337470210947766133e-03 9.999833134077638075e-01 1.831875969768772539e-01
9.999409327782254886e-01 -1.057182498497210264e-02 -2.523384849633398402e-03 3.159977385857855481e+01 1.058144261044901245e-02 9.999366840112994259e-01 3.828973853212353472e-03 2.142483183496201593e-01 2.482745837578576552e-03 -3.855448738335069334e-03 9.999894856887906469e-01 1.815550152294569120e-01
9.999413624824003977e-01 -1.082750890668472167e-02 1.914359328546120511e-04 3.234375974035793178e+01 1.082690599936290445e-02 9.999371502149381197e-01 2.910966593639434559e-03 2.213232180151912531e-01 -2.229424178670716546e-04 -2.908723242934650906e-03 9.999957448038337970e-01 1.828004562750380479e-01
9.999434156611588520e-01 -1.059503307886198314e-02 9.543322024420675684e-04 3.306124861790566882e+01 1.059241448985452291e-02 9.999402309186233850e-01 2.708384331164155005e-03 2.348155199840358809e-01 -9.829705844619550728e-04 -2.698122396778166159e-03 9.999958769436811945e-01 1.971368711523246720e-01
9.999409596706383407e-01 -1.084030048618757520e-02 -7.517036197686797865e-04 3.375696718964031362e+01 1.084336266351720347e-02 9.999324018001013448e-01 4.196822182107146429e-03 2.486517116724862031e-01 7.061579924159872880e-04 -4.204725395307872676e-03 9.999909107713128575e-01 2.121683374232843644e-01
9.999343913627863900e-01 -1.116594620127026559e-02 -2.556289374142390464e-03 3.445498845575999525e+01 1.118044399882357244e-02 9.999210839840817489e-01 5.729177610095710291e-03 2.500656366750833026e-01 2.492115952997597979e-03 -5.757382176752744510e-03 9.999803207606375866e-01 2.198690436545086280e-01
9.999348886279206816e-01 -1.115422923430921080e-02 -2.408666613761308983e-03 3.516557979449978433e+01 1.116980644770825502e-02 9.999161396530823476e-01 6.553555157188389879e-03 2.545317135895240335e-01 2.335364765620500955e-03 -6.580032786092879574e-03 9.999756243228858921e-01 2.219011357680820973e-01
9.999372962563795042e-01 -1.118779308170316823e-02 4.866635825654889850e-04 3.587259691980833765e+01 1.118443434788184317e-02 9.999167814582945457e-01 6.429509032827496716e-03 2.746002194479408853e-01 -5.585550998080621729e-04 -6.423662821652788464e-03 9.999792120700080611e-01 2.252749702220350203e-01
9.999262891585803947e-01 -1.140481021493913033e-02 4.164919388440401805e-03 3.655758191018722414e+01 1.138360714989299777e-02 9.999223026644294965e-01 5.079578970932702685e-03 2.865711888782332961e-01 -4.222527419436337449e-03 -5.031792744763720522e-03 9.999784254292518604e-01 2.387569856680429869e-01
9.999199318525059388e-01 -1.145801272389246860e-02 5.370645072892385984e-03 3.724273984952864680e+01 1.143063954629625935e-02 9.999216616809526448e-01 5.100096152544654135e-03 2.814248770902325614e-01 -5.428661312194107795e-03 -5.038297889334353297e-03 9.999725722192263078e-01 2.549494375446700878e-01
9.999276836648451905e-01 -1.144362864203255989e-02 3.697405057683786096e-03 3.793229724874755249e+01 1.141970656213984331e-02 9.999141346875703995e-01 6.427562060524241380e-03 2.870477083627983039e-01 -3.770642212137585974e-03 -6.384873961991922864e-03 9.999725074429783866e-01 2.589694881300965146e-01
9.999328946561377718e-01 -1.149380809511046583e-02 1.448640766377141823e-03 3.860913215148212885e+01 1.148339895281036416e-02 9.999095627206107118e-01 6.999852024703921184e-03 3.034226699198238619e-01 -1.528964711113535305e-03 -6.982746977367205142e-03 9.999744514294164333e-01 2.367058283875507763e-01
9.999306688434156376e-01 -1.170908919473551135e-02 1.246890768728051982e-03 3.925721357325459593e+01 1.169911883270298436e-02 9.999017312963260906e-01 7.723883035618386676e-03 3.255676380949496518e-01 -1.337207873782346153e-03 -7.708760006599454755e-03 9.999693929787365487e-01 2.390624868197690489e-01
9.999252274613396052e-01 -1.188085817763333100e-02 2.895633842721809324e-03 3.992489368428631735e+01 1.186113024320730076e-02 9.999069554226206469e-01 6.737513400283418920e-03 3.319038558396973926e-01 -2.975411860873339049e-03 -6.702664129157059718e-03 9.999731102473855548e-01 2.481513690106469106e-01
9.999202171764989266e-01 -1.196479919108930229e-02 4.050044693607680012e-03 4.061232560980683104e+01 1.193924610570223574e-02 9.999090303422594195e-01 6.275782216582584914e-03 3.342922870790694945e-01 -4.124764736416488935e-03 -6.226927036621592200e-03 9.999721054587221714e-01 2.765590785182192590e-01
9.999234875521815225e-01 -1.195293765522793990e-02 3.185329322443032109e-03 4.128808248251890944e+01 1.192955587050799175e-02 9.999024766284163590e-01 7.261055645819886918e-03 3.316334550417330274e-01 -3.271809623833529627e-03 -7.222500520560628211e-03 9.999685648799245818e-01 2.927337092160909870e-01
9.999295265763770146e-01 -1.178179288626176810e-02 1.459875723372829103e-03 4.195227020238383631e+01 1.176956299318798402e-02 9.998977628901617454e-01 8.120415888324671386e-03 3.359453186322732265e-01 -1.555399528044699173e-03 -8.102661515527317601e-03 9.999659632250854635e-01 2.813658157243062452e-01
9.999291910398642180e-01 -1.189764985918924552e-02 2.425576029783911916e-04 4.260105362069707979e+01 1.189533446140406993e-02 9.998973708581704312e-01 7.984282620860131199e-03 3.491276629026646150e-01 -3.375269084995569362e-04 -7.980831958296732628e-03 9.999680956894771988e-01 2.610941039849408729e-01
9.999253081466487059e-01 -1.222134543581742880e-02 -1.297827726006974198e-04 4.324448578667868759e+01 1.222197693166580251e-02 9.998968181976786163e-01 7.548260597003214438e-03 3.623705280543927376e-01 3.751948118476446250e-05 -7.549283005482499385e-03 9.999715030531578508e-01 2.591683465877575032e-01
9.999246793375821118e-01 -1.226391497339358524e-02 4.817065071766861049e-04 4.388112657149431328e+01 1.225966350317086312e-02 9.998927468383606021e-01 8.012207612577856852e-03 3.633469239538661411e-01 -5.799158755406408220e-04 -8.005698568107774693e-03 9.999677857251272339e-01 2.883567198056364855e-01
9.999366765090512699e-01 -1.120114757643496731e-02 1.085018434835295252e-03 4.452073050589440584e+01 1.119270485808741139e-02 9.999092508958392633e-01 7.497554993552409640e-03 3.770774333390010669e-01 -1.168901190329553518e-03 -7.484935931089941978e-03 9.999713042903355387e-01 3.011480209521656404e-01
9.999507665854425742e-01 -9.874419787885979280e-03 9.799178732204927300e-04 4.517001280561746768e+01 9.867140474665908947e-03 9.999255814096599249e-01 7.174341879703532120e-03 3.821032559183096255e-01 -1.050687412535722398e-03 -7.164319675046889636e-03 9.999737839461366740e-01 3.083983986999253024e-01
9.999562622712160342e-01 -9.352571388882400735e-03 5.434146500703800249e-05 4.583436217165654369e+01 9.351982215651926875e-03 9.999329490084525318e-01 6.829195845608653122e-03 3.813022007430745264e-01 -1.182083630326411704e-04 -6.828388951678626868e-03 9.999766792936261028e-01 3.060214523388414820e-01
9.999552748455154960e-01 -9.367357691623419760e-03 -1.304192664694841294e-03 4.646721395185603853e+01 9.376157998967729265e-03 9.999321429561620622e-01 6.913547879039908493e-03 3.739690482967263918e-01 1.239342490134888886e-03 -6.925466986028256354e-03 9.999752506623439396e-01 3.072210744648611325e-01
9.999557377509833422e-01 -9.101890782833670784e-03 -2.382881252578762914e-03 4.707262691659917664e+01 9.116568626261201125e-03 9.999390789761457565e-01 6.223062977338657611e-03 3.825142937412802091e-01 2.326094445458700647e-03 -6.244511231042873534e-03 9.999777974355811283e-01 3.214382804768032842e-01
9.999588569952523320e-01 -8.702946843925552303e-03 -2.557935296346043087e-03 4.767339627156830062e+01 8.719326317238819749e-03 9.999410961278519805e-01 6.463561185861241808e-03 3.960135883908959542e-01 2.501532594629373406e-03 -6.485598728079908400e-03 9.999758393800404210e-01 3.343722618715128103e-01
9.999650307028612461e-01 -8.213731648673538652e-03 -1.572254378091271975e-03 4.830790676910118009e+01 8.224170480078457288e-03 9.999433833945260419e-01 6.752260763803254531e-03 4.072694169756650440e-01 1.516704104449695433e-03 -6.764955130033719483e-03 9.999759672065865468e-01 3.267492658735338118e-01
9.999664045701557313e-01 -8.164329032940826833e-03 -7.303851570360444948e-04 4.894351722764977097e+01 8.169250445458254781e-03 9.999420598954913419e-01 7.010007069960217697e-03 4.151769396252387723e-01 6.731108342013177081e-04 -7.015738265028963715e-03 9.999751628607590481e-01 3.335006198599684835e-01
9.999681291898030455e-01 -7.969252387168973550e-03 -4.812702306035515046e-04 4.955957134241629802e+01 7.972428400126317649e-03 9.999436930303301496e-01 7.003652923276623525e-03 4.208265963806901433e-01 4.254292539575486843e-04 -7.007266603638219980e-03 9.999753583087411801e-01 3.475593892383900818e-01
9.999711756001949947e-01 -7.547240781041702866e-03 -8.289302485872922103e-04 5.016063724232134291e+01 7.552514685441074314e-03 9.999499947212274753e-01 6.554965975754572030e-03 4.224407412068343914e-01 7.794168911685728620e-04 -6.561037540670239948e-03 9.999781724096279412e-01 3.540016432463745644e-01
9.999750683036936483e-01 -7.014188923677989324e-03 -8.148157867178343079e-04 5.074778259216319043e+01 7.018815701886824132e-03 9.999584225368973733e-01 5.821462330277886975e-03 4.308586890160161498e-01 7.739490721478828415e-04 -5.827036233184969445e-03 9.999827231765411328e-01 3.605419652328137881e-01
9.999785151316619158e-01 -6.554810125914391217e-03 -6.114973354620723629e-05 5.134991531016180488e+01 6.555072047760472989e-03 9.999563238117887831e-01 6.661944105261432755e-03 4.400666471581943795e-01 1.747928407949248024e-05 -6.662201815178552672e-03 9.999778071344626040e-01 3.628173165313143267e-01
9.999772336058830868e-01 -5.988381618234887849e-03 3.109912461722241003e-03 5.196057324011177059e+01 5.960844658286284722e-03 9.999436038749640598e-01 8.789618905774943675e-03 4.478783276326748775e-01 -3.162372666996831564e-03 -8.770881092761601688e-03 9.999565345773643310e-01 3.644866096077659101e-01
9.999625301490443485e-01 -5.899510422445803336e-03 6.335145988607975356e-03 5.256678302090951860e+01 5.836940720215236071e-03 9.999344508613234872e-01 9.850081405353410674e-03 4.610535775645160927e-01 -6.392841383157854204e-03 -9.812734452681836500e-03 9.999314185590983950e-01 3.734746442901156205e-01
9.999602858600228350e-01 -6.000353866187861825e-03 6.589571778350287665e-03 5.314900091090440526e+01 5.937506621155536242e-03 9.999370950118813273e-01 9.515883265548488734e-03 4.676826943304375206e-01 -6.646255928358489259e-03 -9.476379724363940410e-03 9.999330105109314193e-01 3.811401835230204815e-01
9.999748172829536763e-01 -5.618680940869952289e-03 4.335345938695609955e-03 5.372053787439693906e+01 5.577223311626001989e-03 9.999391658548472117e-01 9.516258174543762785e-03 4.625047018379058739e-01 -4.388551020065195249e-03 -9.491839336873557006e-03 9.999453213080939928e-01 3.848920896131066693e-01
9.999842558203074772e-01 -5.166657468633684656e-03 2.189466169576429009e-03 5.429492365820999566e+01 5.144928564055511501e-03 9.999385825247663062e-01 9.816358206177756146e-03 4.626663565944371115e-01 -2.240049458532916097e-03 -9.804939008634345338e-03 9.999494213956325872e-01 3.794931805228944910e-01
9.999873300665891307e-01 -4.818812678232098530e-03 1.455592891783974267e-03 5.487246718139947177e+01 4.804748873600591351e-03 9.999431819623089135e-01 9.515631106468578834e-03 4.650467659136556242e-01 -1.501364231669416547e-03 -9.508516785748878999e-03 9.999536659335666045e-01 3.761563437314197067e-01
9.999900780498724995e-01 -4.262358609585276299e-03 1.294643152849663968e-03 5.543601569291502784e+01 4.249494397239493397e-03 9.999431272991717856e-01 9.781818058018363835e-03 4.696474275589566094e-01 -1.336263139413944008e-03 -9.776219424482977469e-03 9.999513187823628746e-01 3.862049424440091583e-01
9.999914235489588687e-01 -3.708548837295945998e-03 1.843771690910429471e-03 5.599860197558875541e+01 3.689966432223332031e-03 9.999433729149856953e-01 9.981738883129682646e-03 4.846143791223935793e-01 -1.880685049623363790e-03 -9.974849819586703234e-03 9.999484813703257702e-01 4.092521784918607963e-01
9.999882844308506380e-01 -3.688430768570896082e-03 3.134721600006893597e-03 5.655840952552048861e+01 3.658368186525991651e-03 9.999477779350087747e-01 9.542418197197888655e-03 4.872984223026433082e-01 -3.169754447256884194e-03 -9.530838436562565422e-03 9.999495566154525950e-01 3.998695117204890681e-01
9.999673431565857529e-01 -4.376546470110536692e-03 6.794001865911602003e-03 5.711408978955421389e+01 4.307698950023781427e-03 9.999395599296569959e-01 1.011534564115215869e-02 4.809504300858261083e-01 -6.837861516220648458e-03 -1.008574879118922900e-02 9.999257579046586519e-01 4.023830540929085320e-01
9.999417838103051848e-01 -5.163358580107170470e-03 9.474635530619298848e-03 5.763863017132435829e+01 5.063941340894585752e-03 9.999321858256674522e-01 1.048714679971459417e-02 4.884649637275697009e-01 -9.528141915442838242e-03 -1.043855727943373245e-02 9.999001205288271521e-01 4.065854727140993941e-01
9.999290585023682398e-01 -5.918477735659342584e-03 1.033680723724161865e-02 5.817141524270657982e+01 5.817190093812785526e-03 9.999350436582515878e-01 9.801467419878924503e-03 4.835113266390299591e-01 -1.039414556275947144e-02 -9.740640916439034097e-03 9.998985356787742917e-01 4.205907571333450390e-01
9.999344192492496397e-01 -6.480234493090305213e-03 9.442656489590552787e-03 5.868308584410389273e+01 6.389427947397039766e-03 9.999333586497236581e-01 9.615272746422921096e-03 4.927049019029659527e-01 -9.504336440323730983e-03 -9.554308996345281524e-03 9.999091872607389631e-01 4.256274767757133870e-01
9.999439925837377841e-01 -6.939368569029443802e-03 7.991048714467111069e-03 5.918796709810398227e+01 6.859683036223096671e-03 9.999269042413845288e-01 9.956451319797089694e-03 5.080035069258157510e-01 -8.059556088046867378e-03 -9.901077623375265785e-03 9.999185027878819687e-01 4.314522105164230181e-01
9.999593794868794072e-01 -7.672206139205204646e-03 4.730394187870990211e-03 5.969366967014310177e+01 7.614652223195748741e-03 9.998981958390510405e-01 1.206710525895045814e-02 5.111895095362836150e-01 -4.822493933109890316e-03 -1.203059478032369491e-02 9.999160006428023939e-01 4.436678892603306834e-01
9.999665396229663328e-01 -8.157682881482984996e-03 6.097905178006849530e-04 6.016145151632753851e+01 8.148014552916743938e-03 9.998622562077912335e-01 1.445954597871834321e-02 5.179848583082712343e-01 -7.276629136469168167e-04 -1.445409357484488816e-02 9.998952693585532181e-01 4.420510861752097731e-01
9.999571371030454570e-01 -8.762063602232077197e-03 -2.991688170831520964e-03 6.064343408901945054e+01 8.800648960588228209e-03 9.998749678809621955e-01 1.313762470606317720e-02 5.070969729860718145e-01 2.876201410463240758e-03 -1.316339038680020695e-02 9.999092221891801024e-01 4.238371102366286780e-01
9.999539213630616041e-01 -8.999208804794572858e-03 -3.342063961653098016e-03 6.110623055408406401e+01 9.032224971547729575e-03 9.999092163593338300e-01 9.998897525537156841e-03 5.080873538161781999e-01 3.251778390269267297e-03 -1.002862306353924544e-02 9.999444247840727495e-01 4.299008173668433797e-01
9.999593817817892250e-01 -8.623118442705550099e-03 -2.622330052652882895e-03 6.156263498947301116e+01 8.641165837696527727e-03 9.999385081049511070e-01 6.950558381169084921e-03 5.154035696676749767e-01 2.562233312444740785e-03 -6.972936050738219940e-03 9.999724061809330822e-01 4.545560970455310157e-01
9.999661055522736097e-01 -7.821438241725219703e-03 -2.571546314991159099e-03 6.199896711734812271e+01 7.838222181605816047e-03 9.999476130496637305e-01 6.582813176117564835e-03 5.176915882708500449e-01 2.519924532808249552e-03 -6.602746406667664436e-03 9.999750265482824085e-01 4.767056505669471922e-01
