1.000000000000000000e+00 0.000000000000000000e+00 0.000000000000000000e+00 0.000000000000000000e+00 0.000000000000000000e+00 1.000000000000000000e+00 0.000000000000000000e+00 0.000000000000000000e+00 0.000000000000000000e+00 0.000000000000000000e+00 1.000000000000000000e+00 0.000000000000000000e+00
1.000000000179082971e+00 2.474536300058122797e-05 3.100957637446646572e-05 2.037835005913537259e-05 -2.474535790778959496e-05 9.999999997200406110e-01 -5.288116689854112053e-05 -5.001802280777057274e-04 -3.100970569874082506e-05 5.288130543110569745e-05 9.999999998676778468e-01 -3.038168253393879175e-04
1.000000000925395538e+00 5.413988324189285690e-05 1.715607244634369309e-05 3.354407396529701657e-04 -5.414440971293600445e-05 1.000000001935329674e+00 -4.796824944299142801e-05 5.207086507841917700e-04 -1.715646846516384692e-05 4.796878690404575467e-05 1.000000004502032747e+00 -2.263407171509220124e-04
1.000000005259175317e+00 -4.190588754155430253e-07 -2.311626116913339173e-05 6.833531161677623548e-05 4.122843814187260723e-07 1.000000006773218209e+00 -3.245425562575995090e-05 1.080523889695236437e-03 2.312018226419299157e-05 3.245787139373876648e-05 1.000000005907750289e+00 -1.053047868921793122e-03
1.000000005844358109e+00 -1.899242391618530750e-05 -1.506052396520018486e-05 -1.675784667295161226e-03 1.898474133530567663e-05 1.000000005762402777e+00 -6.124075602842575267e-05 1.542038824770219484e-03 1.506551175427513502e-05 6.124426770278912032e-05 1.000000005648261636e+00 -1.772449287375309256e-03
1.000000007258041723e+00 8.751837827562628826e-06 2.052566069445860458e-06 -2.967839710988893955e-03 -8.758107969038835246e-06 1.000000006850913392e+00 -6.440209291919570510e-05 4.784338363153640798e-04 -2.050054037895983507e-06 6.440684400853002335e-05 1.000000006094056149e+00 -1.730095948401762793e-03
1.000000002925870213e+00 8.977265989118805964e-05 -3.403449799905075595e-05 -2.395253696931307335e-03 -8.978530482254557714e-05 9.999999841771920472e-01 -2.087735632670196032e-04 -1.495681021081997591e-04 3.401898989157192232e-05 2.087812906864194124e-04 9.999999870403751823e-01 -1.922976155435880382e-03
9.999999474209371186e-01 1.437761160594035702e-04 -3.179466832530781877e-04 -3.492323995645970052e-04 -1.438243292203472972e-04 9.999999920449805790e-01 -1.344701385202821096e-04 -1.471258700577116095e-03 3.179316380775296449e-04 1.345203963371072642e-04 9.999999515308810594e-01 -1.665878627732281280e-03
9.999997360440782135e-01 2.186866821833186503e-04 -7.107925009005037131e-04 2.745650954824960070e-03 -2.185435968071485120e-04 9.999999675364779073e-01 2.076191475012401501e-04 -1.347624723991183802e-03 7.108427825532714732e-04 -2.074617192462414341e-04 9.999997417726449456e-01 -1.856283030385932941e-03
9.999992031067510556e-01 3.187004149743064853e-04 -1.232749413533882699e-03 1.097005977615511836e-02 -3.181019702154152737e-04 9.999998425573087824e-01 4.901786054102921786e-04 -7.050196538807513907e-04 1.232910341839943327e-03 -4.897840382311184106e-04 9.999991374136845135e-01 -2.441460654144000150e-03
9.999987468358857434e-01 5.210474047240028607e-04 -1.504504125021301512e-03 2.541704968928757205e-02 -5.203401552632741294e-04 9.999997659185810850e-01 4.737822011912085616e-04 1.456572059024791130e-04 1.504755728797825673e-03 -4.729970378713565615e-04 9.999987741401481500e-01 -2.778806077321377584e-03
9.999987955514265670e-01 8.110648872840609067e-04 -1.336790303629344567e-03 4.392946868128786569e-02 -8.103940912908740371e-04 9.999995580316464183e-01 5.051726827479505362e-04 -1.403795025398684891e-03 1.337204166666874569e-03 -5.040848719621295829e-04 9.999990004151431133e-01 -1.858344462162982852e-03
9.999981606419597879e-01 1.367307982854841465e-03 -1.358913787075270198e-03 6.585527506927982277e-02 -1.366542622426531860e-03 9.999989201434764663e-01 5.669316883624610096e-04 -1.563851174965776676e-03 1.359692397662404977e-03 -5.650690868959542656e-04 9.999989377253345468e-01 -1.859039632675186810e-03
9.999965225229597854e-01 1.841761228142056814e-03 -1.898918492083935322e-03 9.518681737434163403e-02 -1.839841624471874864e-03 9.999978071099783206e-01 1.016127916217456203e-03 -3.126740254940182820e-04 1.900789955066682375e-03 -1.012627229477172609e-03 9.999977064101573943e-01 -2.471219947266281233e-03
9.999938461479519480e-01 2.305447173297396363e-03 -2.652629776127659201e-03 1.335736675628026726e-01 -2.301283445099298452e-03 9.999961283180320848e-01 1.574576419692657854e-03 8.715493373684355966e-04 2.656253790140104300e-03 -1.568458740593911722e-03 9.999952681768190521e-01 -3.889426735346447877e-03
9.999894787395635642e-01 2.720031027847490297e-03 -3.699946562424131537e-03 1.806221366823627106e-01 -2.712628039982911861e-03 9.999943236084876119e-01 2.006565008572058512e-03 -1.363190942194007077e-03 3.705387633037297585e-03 -1.996503875529365753e-03 9.999911690286729105e-01 -4.650338597977661699e-03
9.999832212061281478e-01 3.455902431669752306e-03 -4.654142517157053294e-03 2.342329601463685740e-01 -3.445043054781191799e-03 9.999913419479096177e-01 2.340918718863695559e-03 -2.087441128290038091e-03 4.662196416568223888e-03 -2.324842411163083756e-03 9.999864571665348922e-01 -4.872051089404176409e-03
9.999762143411379256e-01 4.897447490516911028e-03 -4.861387409160871850e-03 2.948644141816071373e-01 -4.886681761845030128e-03 9.999855997116243733e-01 2.225555044430239590e-03 -2.306737560465877378e-03 4.872221111820663336e-03 -2.201742725094036051e-03 9.999857347037652833e-01 -4.870951160591669403e-03
9.999705249705325150e-01 6.001460315134618181e-03 -4.793661169127656600e-03 3.673899786714061033e-01 -5.994443715528604590e-03 9.999809577144458395e-01 1.478473552846179756e-03 -5.195322932983087970e-03 4.802447569117597286e-03 -1.449691219681489710e-03 9.999874465928779710e-01 -4.500771354620638175e-03
9.999631950419627380e-01 6.718463417444091486e-03 -5.340337600338578884e-03 4.442782088098366500e-01 -6.718699044242647592e-03 9.999774474114281331e-01 -2.485816746130343504e-05 -7.797720863111552887e-03 5.340054723376196077e-03 6.074085647086687519e-05 9.999857705263625052e-01 -3.459978065074718456e-03
9.999519103608197623e-01 7.630234805450684943e-03 -6.164831314711242266e-03 5.260790231566797592e-01 -7.630817454173462536e-03 9.999709009033188600e-01 -6.986160830087581727e-05 -8.112226346964474671e-03 6.164123399162912444e-03 1.169045004231753822e-04 9.999810254815002519e-01 1.417918825274116406e-03
9.999499562209752668e-01 7.835907312701685321e-03 -6.223636079462612110e-03 6.201272212226759395e-01 -7.827871234653935306e-03 9.999685200514787375e-01 1.315188999200600636e-03 -1.208404339867190022e-02 6.233750481836626729e-03 -1.266401978734093886e-03 9.999798039634215652e-01 4.032521515092231737e-03
9.999605332221189746e-01 7.002869704401305621e-03 -5.472102011154782349e-03 7.244886294991362830e-01 -6.990600938244172051e-03 9.999730439055168896e-01 2.258112790688283997e-03 -1.408322445090974713e-02 5.487772739244421889e-03 -2.219767014912325375e-03 9.999825200090872723e-01 8.935820184354110454e-04
9.999719890554952251e-01 6.292568228247657873e-03 -4.059409584324437728e-03 8.263028189765581066e-01 -6.283621960619420466e-03 9.999778417624660687e-01 2.212198896450427634e-03 -1.069877494373268345e-02 4.073244912882230048e-03 -2.186625683505510204e-03 9.999893591056300268e-01 -8.084556035059430523e-04
9.999766023390708192e-01 6.352389099858597038e-03 -2.549696220385183360e-03 9.227585209204574035e-01 -6.349760389920688919e-03 9.999793336360492946e-01 1.037668125658544388e-03 -8.667141993145225515e-03 2.556239821443870470e-03 -1.021450752914222857e-03 9.999962600835534676e-01 5.223672351835700282e-04
9.999791561922323213e-01 6.118850073315672440e-03 -2.075263132621170490e-03 1.021744126439025013e+00 -6.118719548786740771e-03 9.999813125886142240e-01 6.815541029192169454e-05 -1.015067303187320615e-02 2.075646008201712748e-03 -5.545291704041432592e-05 9.999978961727725713e-01 6.040861060943593722e-03
9.999799838468954594e-01 5.618093346623037783e-03 -2.920688520605654349e-03 1.121196175442581211e+00 -5.616301146500276946e-03 9.999840703252144136e-01 6.209058999880710935e-04 -1.225392841153177988e-02 2.924134904121866458e-03 -6.044868721961778020e-04 9.999955948382822646e-01 1.304486876480962822e-02
9.999791626703055103e-01 5.233643015280661781e-03 -3.787577337690348645e-03 1.222578320388309603e+00 -5.224009414579954512e-03 9.999831424088564402e-01 2.548846568125295951e-03 -9.709922338689360582e-03 3.800858635014790592e-03 -2.529003499855251962e-03 9.999896332057401915e-01 1.337489827937121678e-02
9.999804408127261901e-01 4.857360868204280840e-03 -3.947989359609627505e-03 1.329848439108450187e+00 -4.843397976443114886e-03 9.999820461691366624e-01 3.538592934657620523e-03 -7.298810109014123443e-03 3.965112130943362727e-03 -3.519398401586674476e-03 9.999860006404308610e-01 6.240650188983494148e-03
9.999843385166115040e-01 4.323801867732212853e-03 -3.562518366399406236e-03 1.437721654140548644e+00 -4.309864008530744743e-03 9.999831023209240222e-01 3.910688679408223963e-03 -7.286105137159651877e-03 3.579372732502482217e-03 -3.895270307722391561e-03 9.999860630928280036e-01 6.437445621579467557e-03
9.999851800808681190e-01 4.234910305648782909e-03 -3.430674159407386039e-03 1.545919710191674845e+00 -4.223822913152284163e-03 9.999858936045857849e-01 3.232342605828524961e-03 -7.895669008878896875e-03 3.444320412548167350e-03 -3.217801119727106435e-03 9.999889483052101236e-01 1.297176794266060272e-02
9.999832237576207206e-01 4.135208301638107313e-03 -4.064559574943257640e-03 1.659677259992963894e+00 -4.125604722464942635e-03 9.999887281834749508e-01 2.367122936553821624e-03 -9.472255345149590069e-03 4.074309306648450472e-03 -2.350312454639481678e-03 9.999889989724385364e-01 1.843653424347876241e-02
9.999811520071808513e-01 3.783515584831514695e-03 -4.842491559304736189e-03 1.781566635360757100e+00 -3.770874674266861543e-03 9.999895098128432913e-01 2.615741637636657436e-03 -8.567244436467171334e-03 4.852344278329139005e-03 -2.597429753499622563e-03 9.999849157498682528e-01 2.094715914351328104e-02
9.999810869663205981e-01 3.399323613941535299e-03 -5.132208723202944661e-03 1.910789269117280087e+00 -3.378855022709491025e-03 9.999863709640476328e-01 3.990524638068424119e-03 -8.493602201550992312e-03 5.145710930985793186e-03 -3.973106053431024048e-03 9.999789305012107832e-01 2.240921909987715968e-02
9.999823165164043459e-01 3.006904599493132133e-03 -5.137741759779093295e-03 2.050216461771496856e+00 -2.986329210013585755e-03 9.999875555761362778e-01 4.006785107442496427e-03 -6.998686890060350566e-03 5.149732642214908604e-03 -3.991369617160579406e-03 9.999788382824101873e-01 1.758018681769027425e-02
9.999876402538897535e-01 2.693912451755293459e-03 -4.187615522997189393e-03 2.197312430715341325e+00 -2.678779810861758436e-03 9.999899242767106289e-01 3.613791856757059707e-03 -5.772877981206741768e-03 4.197315426634669507e-03 -3.602528078526131151e-03 9.999847674007589227e-01 1.564464165364957277e-02
9.999920628008339696e-01 2.407768946840094411e-03 -3.186138771186296497e-03 2.348392451115817181e+00 -2.399963299759327786e-03 9.999941620455041758e-01 2.449623860044219167e-03 -2.806079169619039252e-03 3.192025449132396015e-03 -2.441956659476436035e-03 9.999919896078907078e-01 1.739930093751485343e-02
9.999908445021056247e-01 2.023523268219219566e-03 -3.780643018783961130e-03 2.499137064407034980e+00 -2.020055726137707456e-03 9.999975830360519069e-01 9.182990524920562996e-04 -2.293487007692013562e-03 3.782499747943504805e-03 -9.106527769635920644e-04 9.999925012848062122e-01 2.009314659571417513e-02
9.999831605672059309e-01 1.391325973890006514e-03 -5.641396538911949698e-03 2.655925327945115821e+00 -1.389518847816030231e-03 9.999990296773912934e-01 3.218085301073376168e-04 -4.752384852923204409e-03 5.641845947810935138e-03 -3.139629409786348418e-04 9.999841095409409686e-01 2.328506601373582507e-02
9.999736875710282247e-01 -3.852747601826984306e-04 -7.249937750002611800e-03 2.824689103895560383e+00 3.963518636441614221e-04 9.999988074444242647e-01 1.524906047977023747e-03 -5.920141043437273168e-03 7.249350462840729176e-03 -1.527736509863017282e-03 9.999726323911284354e-01 2.476091758974651585e-02
9.999609363238833870e-01 -3.382268335505429335e-03 -8.171521868248068227e-03 2.995106755501244944e+00 3.408321817024093526e-03 9.999892015292352054e-01 3.174953987397484845e-03 -8.052073081853979410e-04 8.160705270241345663e-03 -3.202679043033391463e-03 9.999616495568619534e-01 2.593086637235886630e-02
9.999363186332456133e-01 -7.404409933977571315e-03 -8.522081977534293890e-03 3.167637846538386537e+00 7.435837599762693331e-03 9.999657062097844218e-01 3.660397979533761090e-03 7.994813446790424022e-03 8.494698305680493250e-03 -3.723533864612663374e-03 9.999570657315879352e-01 2.714344351020747323e-02
9.998927945858849808e-01 -1.215030323255314286e-02 -8.176951189845812693e-03 3.344644791358945213e+00 1.218238121691999840e-02 9.999183049302912130e-01 3.882935370389140484e-03 1.568353378918612567e-02 8.129116115194996370e-03 -3.982134262958194303e-03 9.999591083904755262e-01 3.304282844468996172e-02
9.998131880698933882e-01 -1.759935219227177355e-02 -7.996888714720729388e-03 3.526898478870806652e+00 1.763094833065203745e-02 9.998370255010707863e-01 3.896017147255769961e-03 2.591161801098834302e-02 7.927030428867691200e-03 -4.036285104706224293e-03 9.999605152518680207e-01 3.644428523799263936e-02
9.996878073022236189e-01 -2.354235986496060196e-02 -8.375317765733575684e-03 3.714641507036426482e+00 2.358132130992026190e-02 9.997114756579197348e-01 4.582153354859381730e-03 3.683593558807096713e-02 8.265039939940243760e-03 -4.778227757274336462e-03 9.999545089562431599e-01 3.629467509491252769e-02
9.995387760545491052e-01 -2.887399076560995953e-02 -9.414341037654224906e-03 3.909722943258015171e+00 2.892388445980179773e-02 9.995681170493404544e-01 5.205627635162479901e-03 4.662233232561573820e-02 9.259980869456252775e-03 -5.475529436838180893e-03 9.999422160399539239e-01 3.648732951985008549e-02
9.993665902266551937e-01 -3.393389042934005090e-02 -1.072441492077621551e-02 4.112073722735810399e+00 3.399684853129339435e-02 9.994055001418534756e-01 5.742107629430563860e-03 5.730675340036896215e-02 1.052319989868140925e-02 -6.103070008052915475e-03 9.999260879455433848e-01 3.976588309105024560e-02
9.991696480208507314e-01 -3.910254597507999835e-02 -1.145039078154372510e-02 4.318874146649145374e+00 3.917851715574383747e-02 9.992112353935571623e-01 6.485835873717315202e-03 7.172379327378332337e-02 1.118776100509756045e-02 -6.929062340972866850e-03 9.999134915403913304e-01 4.453568297508039842e-02
9.989734834770067629e-01 -4.372974597433394728e-02 -1.182377223036906733e-02 4.530784907808747874e+00 4.381405088734194320e-02 9.990154769002550506e-01 6.966120866851511703e-03 8.786229090130395769e-02 1.150752013059984022e-02 -7.477017361723002978e-03 9.999059162453365346e-01 4.775709128911471285e-02
9.988172239080813641e-01 -4.702424538168496065e-02 -1.236891170332349299e-02 4.750395852794511597e+00 4.711056012436916351e-02 9.988667312244671193e-01 6.780520265374916436e-03 1.018636976172016817e-01 1.203606379949904819e-02 -7.355207756772015604e-03 9.999005987202199686e-01 4.958735944390224581e-02
9.986719418361563738e-01 -4.973917318764778384e-02 -1.343443095353770260e-02 4.979949708293394117e+00 4.982748675305592040e-02 9.987379106894694880e-01 6.319426377193352456e-03 1.147020159764533809e-01 1.310317092109670838e-02 -6.980438849322927360e-03 9.998898710632853071e-01 5.181242785515689786e-02
9.985215756934371356e-01 -5.260324229890800396e-02 -1.369977537149040872e-02 5.217371358820934724e+00 5.269416724094912186e-02 9.985905025582832995e-01 6.361241268510158670e-03 1.296848543294134015e-01 1.334586209913910838e-02 -7.073734122637534601e-03 9.998860060294493257e-01 5.261812435425265722e-02
9.984061002221483738e-01 -5.486928725956134040e-02 -1.321903937559775442e-02 5.460771545920843018e+00 5.496605431032388495e-02 9.984632600337578490e-01 7.070006684455822955e-03 1.475055524687292341e-01 1.281081698466651417e-02 -7.785335235689356918e-03 9.998877176416127721e-01 5.462754550297815870e-02
9.983165959543116585e-01 -5.659262019604634902e-02 -1.270356969836245950e-02 5.713711067719802195e+00 5.669705698375715475e-02 9.983593220429921589e-01 8.015400655230733168e-03 1.648366909683279535e-01 1.222913200239042486e-02 -8.722157312292340772e-03 9.998872701135869123e-01 5.801510996030678768e-02
9.982385475622437276e-01 -5.798506774438431932e-02 -1.255656279643131354e-02 5.972507176444890931e+00 5.809681152260818410e-02 9.982729108173000743e-01 8.723345803311086458e-03 1.824328344921335721e-01 1.202906937297249824e-02 -9.437470204244345282e-03 9.998832016879746210e-01 6.525206442734476919e-02
9.982224113906692509e-01 -5.805689384675207648e-02 -1.347399113082433340e-02 6.232498128081818578e+00 5.817947155601879694e-02 9.982666344224438992e-01 8.889168611486796337e-03 2.019457069913929703e-01 1.293457522028787672e-02 -9.657271221343929554e-03 9.998697998079272287e-01 7.574642247799186212e-02
9.982677839133177189e-01 -5.699332858752285264e-02 -1.460600851481291471e-02 6.499754045227100541e+00 5.715294422328941193e-02 9.983076064452321985e-01 1.075228998885922882e-02 2.190837557679292114e-01 1.396849892697131501e-02 -1.156843982449728275e-02 9.998356065371136747e-01 8.324417772298632612e-02
9.983509870012500231e-01 -5.547677099294658770e-02 -1.475746124259809562e-02 6.781523387127299962e+00 5.565288083054695939e-02 9.983805056338986850e-01 1.180150165979492599e-02 2.294177226646886836e-01 1.407886976139825948e-02 -1.260333387119728921e-02 9.998215488946006202e-01 8.211275184312574749e-02
9.984422285252690932e-01 -5.385467029173396369e-02 -1.459243431633065399e-02 7.067141560127608635e+00 5.401973559218197635e-02 9.984775541166146517e-01 1.116224268724643615e-02 2.420146549982015727e-01 1.396909700012793042e-02 -1.193313161854716448e-02 9.998313126126027184e-01 8.234069927574798331e-02
9.985015163634503033e-01 -5.272854287876302393e-02 -1.464827731317484838e-02 7.356244687551273920e+00 5.288991988157112911e-02 9.985414256493472251e-01 1.085515631412661657e-02 2.586501489887598759e-01 1.405455433264047975e-02 -1.161363401216614598e-02 9.998338782988945850e-01 9.083547208555978192e-02
9.985614654047538785e-01 -5.165610272708415912e-02 -1.438049297447912753e-02 7.651226258916042688e+00 5.181720724189678440e-02 9.985953814720686106e-01 1.106345697280736867e-02 2.780234656897966339e-01 1.378881776796773290e-02 -1.179269579433921480e-02 9.998354843953397575e-01 9.842336457795583526e-02
9.986429578643074567e-01 -5.016054275929976436e-02 -1.401125574740851205e-02 7.956176990114951053e+00 5.033014727373315983e-02 9.986603269584091169e-01 1.202452853427779349e-02 2.945039187577325190e-01 1.338934732950380554e-02 -1.271339619997889463e-02 9.998296322719100182e-01 1.006082636110292305e-01
9.987293215552602854e-01 -4.852400483649953189e-02 -1.361321187886196764e-02 8.276351843594028423e+00 4.869877046062068976e-02 9.987314144388715897e-01 1.281229140152403967e-02 3.066014821327420758e-01 1.297425726520045133e-02 -1.345895316580179510e-02 9.998253486099138998e-01 9.921036041926985238e-02
9.988127613740938049e-01 -4.703267481653129051e-02 -1.269472700131164117e-02 8.603513386082877190e+00 4.720332524901572208e-02 9.987942527962455630e-01 1.349281167864561405e-02 3.204695833218782486e-01 1.204483599723011646e-02 -1.407602113382561831e-02 9.998284856167501955e-01 1.005378067693091099e-01
9.988823626799782085e-01 -4.579437649131331417e-02 -1.170734721474849666e-02 8.933978823829098914e+00 4.595930982713426760e-02 9.988420810673461769e-01 1.422711900625686469e-02 3.375459891141182611e-01 1.104228756650317382e-02 -1.474927500821810941e-02 9.998303570915448857e-01 1.109679313762700903e-01
9.989206971122973622e-01 -4.499254562794596790e-02 -1.154442438459894749e-02 9.266874598018073783e+00 4.516559492627829353e-02 9.988640833510505912e-01 1.519158712846976900e-02 3.576857741317853723e-01 1.084782140877153800e-02 -1.569659651312281523e-02 9.998180627472863513e-01 1.243901347685760356e-01
9.989110862423057347e-01 -4.514971863452971884e-02 -1.176039291257327708e-02 9.615331959263473394e+00 4.534335948392169413e-02 9.988310770071125999e-01 1.675206864301063622e-02 3.748947447456020821e-01 1.099031349106795348e-02 -1.726707758127140127e-02 9.997906172025171623e-01 1.304544854299101997e-01
9.988914965698563186e-01 -4.596685898520350144e-02 -1.014844447289336461e-02 9.976090204332031419e+00 4.614469981960554745e-02 9.987719001763092352e-01 1.804268880820049381e-02 3.914311877939278261e-01 9.306635281979110802e-03 -1.849098064015012796e-02 9.997858259810995518e-01 1.315907021002971078e-01
9.988492180099637352e-01 -4.741148801364267890e-02 -7.249574517332901293e-03 1.033792244987741960e+01 4.753574437057870444e-02 9.987065689118348466e-01 1.804786040269457104e-02 4.111812357490148839e-01 6.384541778662470961e-03 -1.837170050297902077e-02 9.998109567730929514e-01 1.314911282384058355e-01
9.987361510367450679e-01 -5.001038727021952374e-02 -5.022935713964774528e-03 1.070211383467450261e+01 5.009359561486902840e-02 9.985809189198302516e-01 1.808225972727861217e-02 4.364926309171716090e-01 4.111527768952970112e-03 -1.831101919064323860e-02 9.998240044545361194e-01 1.353406324391853988e-01
9.985091915883933522e-01 -5.445772756942660747e-02 -3.730973617075809129e-03 1.107682457251165609e+01 5.452267678256004363e-02 9.983053104875810879e-01 2.034650187870024746e-02 4.664701823503845657e-01 2.616649558101248347e-03 -2.051958855002587040e-02 9.997861497468470970e-01 1.396375579215279883e-01
9.981815053421660977e-01 -6.022661096243352163e-02 -2.570652486974955245e-03 1.145770033198294691e+01 6.026993512063386071e-02 9.979172923814914054e-01 2.299594944691097861e-02 4.938486366813473749e-01 1.180355045322127247e-03 -2.310906132253745873e-02 9.997323787682885765e-01 1.391071061319151536e-01
9.978095122839351072e-01 -6.614050721414528600e-02 -1.335080846567265282e-03 1.183288324849884177e+01 6.615389329408218055e-02 9.975636385641104553e-01 2.215076928033269874e-02 5.189525622231582203e-01 -1.332113750414656525e-04 -2.219056563978467206e-02 9.997538792426754473e-01 1.416136635493992768e-01
9.973037356749173687e-01 -7.333802203925070262e-02 -2.639736104814994523e-03 1.220032304998046158e+01 7.337311537151143537e-02 9.971517984269241408e-01 1.746102919014601296e-02 5.479397031196604484e-01 1.351683896223084252e-03 -1.760763240443254454e-02 9.998441921645899733e-01 1.554189198684592377e-01
9.965189678460504297e-01 -8.303848587950642124e-02 -7.398157526708404146e-03 1.256496140717732324e+01 8.312963274463931740e-02 9.964540672237092167e-01 1.299887915019915831e-02 5.856114063882168486e-01 6.292540484591713223e-03 -1.356863351699086860e-02 9.998882766340173589e-01 1.756045805253839964e-01
9.953646919253383851e-01 -9.526166751821610323e-02 -1.321068834135338647e-02 1.292487205096323066e+01 9.543971930260915226e-02 9.953428388842157082e-01 1.356888000768962169e-02 6.305999617245815481e-01 1.185659301032915801e-02 -1.476680637452098405e-02 9.998208040752170067e-01 1.907530270385736360e-01
9.938768057503108988e-01 -1.089999141955258627e-01 -1.811331858317432458e-02 1.328413861154384357e+01 1.093304099714300093e-01 9.938356495731265339e-01 1.837893201333376525e-02 6.825401136442834638e-01 1.599838247426912594e-02 -2.024672848826555155e-02 9.996671450995022745e-01 1.913380880409181195e-01
9.920454762829747919e-01 -1.238274467466710105e-01 -2.264324084705762741e-02 1.364432881047027202e+01 1.242873160794294440e-01 9.920414065797426018e-01 2.016762174081894454e-02 7.430495495199942457e-01 1.996574988541210960e-02 -2.282146307880449088e-02 9.995403094587014259e-01 1.772707435915734098e-01
9.897429217411285451e-01 -1.403157931620218624e-01 -2.684415790802093665e-02 1.400012177104216349e+01 1.408374737033135926e-01 9.898574804757139800e-01 1.863336990582334027e-02 8.037319120608287237e-01 2.395735616251172886e-02 -2.222290691442872779e-02 9.994660952844633961e-01 1.738182947403014988e-01
9.870232730848903513e-01 -1.581868393268742456e-01 -2.760734888157600694e-02 1.435447548499963411e+01 1.586654277748472675e-01 9.872014543789284780e-01 1.608741210625338341e-02 8.664430630929118582e-01 2.470922047117431186e-02 -2.025898056561975177e-02 9.994895316900010984e-01 1.870016969228104342e-01
9.837251913887730126e-01 -1.781130735826752243e-01 -2.367836020617719930e-02 1.471109393178921287e+01 1.784436724742105573e-01 9.838689155366522332e-01 1.265108866493093280e-02 9.427890382700234717e-01 2.104310110676070947e-02 -1.667044759275510338e-02 9.996397266961662975e-01 2.050639533571957385e-01
9.796390869623508024e-01 -1.999144643210341854e-01 -1.848381271946349103e-02 1.505974351541096290e+01 2.001257644537754177e-01 9.797154664774927468e-01 1.036932405403074263e-02 1.031464818500387404e+00 1.603592262637973387e-02 -1.385728260612812193e-02 9.997755385725825006e-01 2.194403275459129443e-01
9.746061491129409671e-01 -2.233027014284644229e-01 -1.670161969814950784e-02 1.540781693666233565e+01 2.235092023720607612e-01 9.746316620087487337e-01 1.170502757667699414e-02 1.135271107467155538e+00 1.366418681697498076e-02 -1.514075859288218501e-02 9.997921581115061240e-01 2.298793368838282780e-01
9.684324709606361159e-01 -2.484687927619510794e-01 -2.004999679489657613e-02 1.576780643367441748e+01 2.487800013181589998e-01 9.684461682392074833e-01 1.485865582168010950e-02 1.245420060914370408e+00 1.572545512955286426e-02 -1.937764237935891629e-02 9.996887199493528220e-01 2.328787185772806523e-01
9.613756314382312373e-01 -2.741592261690921073e-01 -2.436820901895194597e-02 1.613580962232368776e+01 2.745595481244068048e-01 9.614547747325089544e-01 1.490038107865187395e-02 1.359774932936017144e+00 1.934387864967942669e-02 -2.101538777096979491e-02 9.995921619198220309e-01 2.380112237081569992e-01
9.538772452625773335e-01 -2.992043182108592436e-01 -2.439617691597697688e-02 1.649154700268451990e+01 2.995128263304439598e-01 9.540392298835991269e-01 1.007309490694335147e-02 1.480278578695869429e+00 2.026102054637721542e-02 -1.691546441449412810e-02 9.996517807864495619e-01 2.529569793605900840e-01
9.457116597990599116e-01 -3.242889434552422845e-01 -2.159492373644422702e-02 1.683028963079427953e+01 3.244594533257264546e-01 9.458874357702973246e-01 4.824488544026931183e-03 1.617625946214238608e+00 1.886186318597557129e-02 -1.156925354178987841e-02 9.997553274939593448e-01 2.741936418313187240e-01
9.361193097290695375e-01 -3.509957958808072043e-01 -2.197265734452885297e-02 1.715846126537383753e+01 3.511571725784354836e-01 9.363087683823126950e-01 3.845907370797778738e-03 1.771622831344712434e+00 1.922332226536273975e-02 -1.131608542765006643e-02 9.997513431252980087e-01 2.892506084769793651e-01
9.249131424646519495e-01 -3.792267514850885535e-01 -2.688798094069286618e-02 1.749594570573773211e+01 3.795170746158852415e-01 9.251622472849175827e-01 6.470838444541375523e-03 1.934769111484379023e+00 2.242185742563583203e-02 -1.618941301589088208e-02 9.996176825576598146e-01 2.879035093879267482e-01
9.125143761203421411e-01 -4.077534856689674636e-01 -3.247806486866230968e-02 1.784224596117226724e+01 4.081866418879434022e-01 9.128656823379319718e-01 7.757410251420498309e-03 2.104490108490512323e+00 2.648502715594093851e-02 -2.033586201901754417e-02 9.994425179982229235e-01 2.822400368632052015e-01
8.990993639884687916e-01 -4.363027443386016113e-01 -3.550306166552778808e-02 1.818352799867097147e+01 4.367463140204894678e-01 8.995682369159844205e-01 5.469173638861186959e-03 2.285705742103841143e+00 2.955123798697096432e-02 -2.042316303375831671e-02 9.993547777292715040e-01 2.893292837501694748e-01
8.843765839666344331e-01 -4.655446749223656755e-01 -3.385910605627272252e-02 1.851345305690295007e+01 4.658194456237185754e-01 8.848799061663847887e-01 2.544199794721171059e-04 2.483809863079658786e+00 2.984282561845703896e-02 -1.599723535703939312e-02 9.994267636255146359e-01 3.045122325513271999e-01
8.680692153366291741e-01 -4.955985329986979382e-01 -2.895097487063827066e-02 1.883337416546010701e+01 4.957092778621717266e-01 8.684806867612004933e-01 -3.725599046264187371e-03 2.694642584936553398e+00 2.698979087022532544e-02 -1.111719253018786206e-02 9.995740718481104237e-01 3.270440183130361445e-01
8.504344313360179264e-01 -5.255026511651809118e-01 -2.466727309904279478e-02 1.915183481418009137e+01 5.255881522854203292e-01 8.507324923015785467e-01 -3.404891463075241948e-03 2.921175704307249266e+00 2.277455738091476584e-02 -1.006919407486389813e-02 9.996901034677697639e-01 3.468656092177544448e-01
8.313816941918971137e-01 -5.551373395893229867e-01 -2.504489039704602474e-02 1.946823382596598151e+01 5.552881456959907203e-01 8.316574582747340294e-01 -1.109171028770629050e-03 3.161774388347719178e+00 2.144454167012672247e-02 -1.298499284717266264e-02 9.996859023517158382e-01 3.551601885697012184e-01
8.106798012897914463e-01 -5.847826416357543300e-01 -2.877080292420254939e-02 1.977344513868053255e+01 5.850335042312243550e-01 8.110092161033983782e-01 3.705297902925241060e-04 3.409663126330539917e+00 2.311673577817566216e-02 -1.713227048706183683e-02 9.995861594965272934e-01 3.527546168722492381e-01
7.886836378948232085e-01 -6.140321942607505079e-01 -3.070541264964693137e-02 2.007506176610308302e+01 6.142960026871168155e-01 7.890751513662298544e-01 -1.055650292256714697e-03 3.669084187769858119e+00 2.487710984373932288e-02 -1.802964489731464018e-02 9.995281145850011262e-01 3.555733853943712219e-01
7.661948575662249628e-01 -6.419805273500106546e-01 -2.840217351582796299e-02 2.036339322589985557e+01 6.421558770634409052e-01 7.665655795020313024e-01 -3.651648396570264434e-03 3.936337853057372715e+00 2.411644396183657349e-02 -1.544075643683695889e-02 9.995901048057406202e-01 3.770504586946522019e-01
7.429216675402661174e-01 -6.688717490040788638e-01 -2.604266972089187837e-02 2.063861930287553292e+01 6.689708303415322632e-01 7.432647382079685672e-01 -5.987506078880788264e-03 4.216525103826535670e+00 2.336149979804339957e-02 -1.297354759817410247e-02 9.996430992706037966e-01 4.093839014129592724e-01
7.183318595647515403e-01 -6.952346009719413411e-01 -2.546435604071207309e-02 2.090676043878933399e+01 6.953012815335332109e-01 7.186785538738629242e-01 -7.587479953193463668e-03 4.508979432233707563e+00 2.357579248189666313e-02 -1.225508066495724704e-02 9.996471421962686010e-01 4.275776849500674825e-01
6.922148515193153884e-01 -7.211771856581947748e-01 -2.724559742759898040e-02 2.116948074970830262e+01 7.212391275482861186e-01 6.926243686576679659e-01 -9.268859234685946843e-03 4.816567662238315783e+00 2.555548161563964485e-02 -1.323455936487267191e-02 9.995860096957692731e-01 4.325779208642673290e-01
6.655778486932341087e-01 -7.456913520724640643e-01 -3.083503192100431334e-02 2.142095759175400005e+01 7.457679937189314323e-01 6.661110905985158093e-01 -1.124389764548219990e-02 5.130927558041084247e+00 2.892406094255482729e-02 -1.551210024324699982e-02 9.994614607875853540e-01 4.325066201204200711e-01
6.386392498725236289e-01 -7.688181801037576868e-01 -3.253889788857856208e-02 2.165868501696198933e+01 7.688360018937395735e-01 6.392768566302965416e-01 -1.471798878482036450e-02 5.452885492113242805e+00 3.211684823508088871e-02 -1.561760196784735960e-02 9.993623183400724974e-01 4.334581648390014030e-01
6.107264318853818930e-01 -7.912267532713993523e-01 -3.120458693456966415e-02 2.188781402448609015e+01 7.911762105186705973e-01 6.113545012416551350e-01 -1.691728885442840905e-02 5.789240587395634741e+00 3.246250326118399476e-02 -1.435650291830083310e-02 9.993700675441177239e-01 4.455142394180703902e-01
5.821515757920124878e-01 -8.126030852462967635e-01 -2.785774158955642288e-02 2.210647281850270573e+01 8.125247807749179652e-01 5.826786081767210135e-01 -1.701295105080340500e-02 6.133718346256433307e+00 3.005691295974095845e-02 -1.273100258814155797e-02 9.994673436657116605e-01 4.691331670455944902e-01
5.530421567209702349e-01 -8.327571381367303571e-01 -2.569460848790180649e-02 2.230847603346288111e+01 8.327021936885224962e-01 5.534945488481912701e-01 -1.584817185802242512e-02 6.479564252448515305e+00 2.741952995623737899e-02 -1.263126452351737497e-02 9.995444448124811698e-01 4.965673751337583153e-01
5.230793195095017056e-01 -8.519071755135008139e-01 -2.534723016551066951e-02 2.250171072522586613e+01 8.518579461353834592e-01 5.235268778615347340e-01 -1.606176451068501432e-02 6.834607174730424006e+00 2.695311269578459443e-02 -1.319067640991435780e-02 9.995499090347362836e-01 5.080248135228448980e-01
4.932636475075553029e-01 -8.695402434797881996e-01 -2.431114068716280427e-02 2.269200450649667644e+01 8.694378180776486387e-01 4.937113018640580941e-01 -1.809326198462053378e-02 7.199597094720939339e+00 2.773552798760820642e-02 -1.221229181308609163e-02 9.995409386888318704e-01 5.103128338024036648e-01
4.636328859345082987e-01 -8.857412597193298209e-01 -2.252248760873488617e-02 2.286675022593551176e+01 8.855509120913069854e-01 4.640673764633080900e-01 -2.100946138476264893e-02 7.575036702681956058e+00 2.906092259642479442e-02 -1.020414932928867188e-02 9.995258062702162549e-01 5.194655393961670198e-01
4.331399232826024792e-01 -9.011006476170153601e-01 -2.019221471715111627e-02 2.302333865556679271e+01 9.008262715762982431e-01 4.335372100478406820e-01 -2.361919698469192724e-02 7.954466549804594777e+00 3.003737401063581378e-02 -7.959278890801103207e-03 9.995173393656945349e-01 5.388890208354966127e-01
4.013209405390597007e-01 -9.157595910163793818e-01 -1.806018052241843350e-02 2.316528488723238866e+01 9.153997214412777916e-01 4.016828899274074716e-01 -2.635450942955028936e-02 8.334179485852803992e+00 3.138888334005459496e-02 -5.955687317233766473e-03 9.994897584719758532e-01 5.589633404452688525e-01
3.692123363821190329e-01 -9.291943811260707786e-01 -1.674363037582048130e-02 2.329761804454663476e+01 9.287512949212392011e-01 3.695604494904252135e-01 -2.909420301785518512e-02 8.718561341958457334e+00 3.322197591331894906e-02 -4.808750837216256915e-03 9.994366903586291428e-01 5.746564388220788411e-01
3.369712697745907426e-01 -9.413870633185170700e-01 -1.552607902114500928e-02 2.342000951850963375e+01 9.408457362430133752e-01 3.373075617716629337e-01 -3.214467949675318265e-02 9.111248785116947246e+00 3.549767075119156928e-02 -3.775833766488746746e-03 9.993628907147190654e-01 5.833722769386573415e-01
3.031243352016649295e-01 -9.528438835248655980e-01 -1.429964779002043315e-02 2.352914115253809868e+01 9.522343908672792345e-01 3.034440602530952824e-01 -3.423069790070421697e-02 9.516565010680782422e+00 3.695567868180493765e-02 -3.240481271276973892e-03 9.993119204621871976e-01 5.968055011776586261e-01
2.669826713449930389e-01 -9.636143909102911076e-01 -1.295645829556031810e-02 2.361811391579709962e+01 9.629866507708654266e-01 2.672781954808163274e-01 -3.492077637326358730e-02 9.924148125086562189e+00 3.711316583458620921e-02 -3.153678776228757523e-03 9.993063677660614097e-01 6.111658624817206675e-01
2.299652680771482882e-01 -9.731413985931274269e-01 -1.058797306569220914e-02 2.369054481522051248e+01 9.725324020927419433e-01 2.301966924157586858e-01 -3.450510942079337146e-02 1.032855853535381740e+01 3.601569059510693199e-02 -2.362197104501006714e-03 9.993487120701810555e-01 6.311338647354536313e-01
1.928311817748832036e-01 -9.811950597681663444e-01 -8.526631508773266366e-03 2.374774394941303868e+01 9.805751665212190105e-01 1.930126588579118563e-01 -3.491207503726710681e-02 1.074289708147326827e+01 3.590132589700626570e-02 -1.628896235757616674e-03 9.993542931336855117e-01 6.503583196010134237e-01
1.553105672085755562e-01 -9.878443335756500465e-01 -6.520408415621514742e-03 2.379274624385194770e+01 9.872215622986291184e-01 1.554441654519015670e-01 -3.508703523442464889e-02 1.116794738679657328e+01 3.567410916770396428e-02 -9.877334751529319445e-04 9.993632714034393905e-01 6.640332707970847403e-01
1.174318721828772061e-01 -9.930776097073771291e-01 -2.633559222965601871e-03 2.382609071593337191e+01 9.925128126860746081e-01 1.174538775781089756e-01 -3.351579739647556760e-02 1.159662710351737580e+01 3.359312834260849007e-02 1.321946199234828563e-03 9.994350036542976046e-01 6.797191628681217290e-01
7.972363022062677052e-02 -9.968165362959271469e-01 1.123128461421245110e-03 2.383999515597765040e+01 9.962948430206963746e-01 7.964524330692365761e-02 -3.245963082781443826e-02 1.202134879165704007e+01 3.226686070829982989e-02 3.706729644409964379e-03 9.994727055065631971e-01 7.025413480435135360e-01
4.182925834177731589e-02 -9.991139227653592636e-01 4.691576959833496790e-03 2.383670347827347058e+01 9.985743999608365229e-01 4.164979566424086704e-02 -3.338977785506648532e-02 1.244855045743203448e+01 3.316480261964041554e-02 6.081520980883058786e-03 9.994316890875942772e-01 7.282378323768974315e-01
4.038396283505457478e-03 -9.999711394273854692e-01 6.460804325576197625e-03 2.381492876071621012e+01 9.993322730693546818e-01 3.800899781246527918e-03 -3.634541765092514504e-02 1.287359415525125605e+01 3.631982342325800611e-02 6.603227271394809111e-03 9.993187040443415325e-01 7.507119934078986256e-01
-3.305502141852747350e-02 -9.994342043606396775e-01 6.242981102676684740e-03 2.377906697326829288e+01 9.986705291125321793e-01 -3.327580860725719986e-02 -3.937417833875070383e-02 1.329873608001145335e+01 3.955964932586115285e-02 4.933125621866697903e-03 9.992053407592457193e-01 7.633445126994506946e-01
-6.957534131729441185e-02 -9.975434343968873074e-01 8.167482072518992761e-03 2.372711154484692386e+01 9.966820484739630226e-01 -6.985740312658672568e-02 -4.177655278937455335e-02 1.372760822720104024e+01 4.224449189457549214e-02 5.233721080479891187e-03 9.990939083446491731e-01 7.670610331207559085e-01
-1.057314605537845592e-01 -9.943217748302830561e-01 1.205856454062335069e-02 2.366321133850734526e+01 9.933696494717756398e-01 -1.061653035896299030e-01 -4.411476690645996929e-02 1.415792833665047823e+01 4.514447963594522134e-02 7.314248966737614197e-03 9.989540077035873322e-01 7.847975432288177844e-01
-1.413388300896813721e-01 -9.898371580320479701e-01 1.568727102268397192e-02 2.358359147648081233e+01 9.888515908479137417e-01 -1.419128951865279153e-01 -4.509664536738699353e-02 1.458276499059153508e+01 4.686456683234303811e-02 9.138430438167506956e-03 9.988597724308051484e-01 8.151139004390344223e-01
-1.770014473996371074e-01 -9.840373629109072651e-01 1.847462327916093994e-02 2.348650118934397213e+01 9.830545185133455766e-01 -1.776720692530856238e-01 -4.513202670322880028e-02 1.500626613449175650e+01 4.769402898398795304e-02 1.017308171673868451e-02 9.988105109448065511e-01 8.475605697651702464e-01
-2.133236166018381008e-01 -9.767855610425397739e-01 1.957955664207662941e-02 2.337274663950354991e+01 9.758676997443921364e-01 -2.139944631575946554e-01 -4.346330567976184472e-02 1.542872668142671699e+01 4.664424855909695550e-02 9.835260133221798359e-03 9.988634728761516257e-01 8.728380925524572564e-01
-2.492542951238531923e-01 -9.682400951193332883e-01 1.959009459302035391e-02 2.324227140227720767e+01 9.674221294913166735e-01 -2.498683265454843816e-01 -4.075171387099401493e-02 1.584863629183186085e+01 4.435238840240539326e-02 8.794303578412760239e-03 9.989775697300244950e-01 8.836949057003964381e-01
-2.844750251858360612e-01 -9.584386654295566910e-01 2.167132356163111243e-02 2.309896261920041383e+01 9.578078328686739917e-01 -2.851086555253202204e-01 -3.629982982499693756e-02 1.626763385299052089e+01 4.096983969106690604e-02 1.043051877790150857e-02 9.991062740521330365e-01 8.894198971376838792e-01
-3.189721689303975372e-01 -9.474250099542800285e-01 2.535691016072081500e-02 2.294119959430522826e+01 9.470283441137873348e-01 -3.196646437460181067e-01 -3.085947092588207930e-02 1.668202761680863588e+01 3.734273622042434682e-02 1.417034916889887801e-02 9.992023840442705307e-01 9.136567797745008823e-01
