1.000000000000000000e+00 0.000000000000000000e+00 0.000000000000000000e+00 0.000000000000000000e+00 0.000000000000000000e+00 1.000000000000000000e+00 0.000000000000000000e+00 0.000000000000000000e+00 0.000000000000000000e+00 0.000000000000000000e+00 1.000000000000000000e+00 0.000000000000000000e+00
9.999999947559198299e-01 -4.532718222721669591e-05 9.183467147104142298e-05 7.912937051567697690e-04 4.532060225467772138e-05 9.999999964060876101e-01 7.165101368064359536e-05 4.169389768926180665e-04 -9.183791887954953883e-05 -7.164685130228101316e-05 9.999999932162626504e-01 1.576778012987404371e-03
9.999999966174016874e-01 -8.223477369848928100e-05 -1.624384984490930362e-06 8.327659422055417801e-03 8.223493443977506845e-05 9.999999916979698256e-01 9.920421276819368277e-05 1.451634546570520871e-03 1.616226935018308048e-06 -9.920434601381839456e-05 9.999999950779427937e-01 1.572540051313780140e-03
9.999999989046525206e-01 -8.778240492770672933e-06 -4.597431318845802078e-05 6.087859452334731455e-03 8.780349596864434758e-06 9.999999989091625796e-01 4.587570548831730512e-05 2.397569335523251112e-04 4.597391043033196271e-05 -4.587610910860973989e-05 9.999999978908911125e-01 7.705524361487551101e-04
9.999999999332828127e-01 2.863564562092433296e-06 -1.119081555608251770e-05 2.140199912016584397e-03 -2.864219276228866266e-06 9.999999982844796076e-01 -5.850501731198314899e-05 1.195515403052578585e-03 1.119064800399016607e-05 5.850504936102949492e-05 9.999999982259643039e-01 7.262227846291341264e-04
9.999999880146043241e-01 7.996138349143869380e-05 1.325781591271872606e-04 2.236968897192175357e-03 -7.994773891599880780e-05 9.999999915079857971e-01 -1.029193247348720713e-04 2.945551329849636999e-04 -1.325863875729254616e-04 1.029087241772913872e-04 9.999999859153220205e-01 -2.679853593195822160e-04
9.999999833693844487e-01 8.318861329235435070e-05 1.622987534311791098e-04 4.725414957329325018e-03 -8.317880375820870724e-05 9.999999947137215850e-01 -6.044703052099343298e-05 1.292171543576942517e-03 -1.623037810778694100e-04 6.043352969956025157e-05 9.999999850026354276e-01 -1.234370753555215881e-03
9.999999976233697740e-01 4.101901512148189473e-05 5.541390576864039543e-05 8.513806568120408855e-03 -4.102066650860605480e-05 9.999999987146281910e-01 2.980014375413271867e-05 2.156219701503837675e-03 -5.541268332486564883e-05 -2.980241679865726755e-05 9.999999980206252248e-01 -1.903622516968989098e-04
9.999999936509664789e-01 -6.154197365152263275e-05 -9.439625199296475255e-05 1.990808134372018881e-03 6.155333606187171559e-05 9.999999908609908950e-01 1.203711136582198969e-04 2.868476377448627920e-04 9.438884325437137774e-05 -1.203769232982015801e-04 9.999999883000711964e-01 9.111808720035485115e-04
9.999999978014284530e-01 9.214561382871055368e-06 -6.566760957823541609e-05 2.308645641518606260e-03 -9.210280577178298628e-06 9.999999978327823724e-01 6.518900261107482422e-05 -2.294112890407649149e-03 6.566821012398545382e-05 -6.518839765064308577e-05 9.999999957190794930e-01 1.355676803314923365e-03
9.999999969892027218e-01 4.029968158275010703e-05 6.631387592428118695e-05 2.225008547343762435e-03 -4.029615056611752513e-05 9.999999977704620013e-01 -5.324749997244751038e-05 -2.619892007419263955e-03 -6.631602163372583695e-05 5.324482761820121239e-05 9.999999963835868311e-01 2.265353214603829830e-04
9.999999868683392412e-01 2.446712183480234616e-05 1.602020016707125544e-04 7.410147257815675667e-05 -2.445439170356580963e-05 9.999999965436900951e-01 -7.946447400527694761e-05 -1.956753512966873283e-03 -1.602039453839718011e-04 7.946055531927587580e-05 9.999999840103578341e-01 -7.940516611484742292e-04
9.999999974525246582e-01 2.918412819643170477e-05 6.514013605564604134e-05 2.132490217972713136e-03 -2.918291520061228181e-05 9.999999994007855442e-01 -1.862220050623448510e-05 -5.579118117440185929e-04 -6.514067948929999369e-05 1.862029947972822192e-05 9.999999977049881528e-01 3.898686885965370243e-04
9.999999995256769747e-01 -2.307907874382171545e-05 -2.039613220642490772e-05 -1.285352131031201536e-03 2.307924425391126976e-05 9.999999997007510411e-01 8.114580120010460941e-06 -1.737813560438753943e-04 2.039594492328782290e-05 -8.115050843478555944e-06 9.999999997590757195e-01 1.936833246948637972e-03
9.999999988329822953e-01 -1.995701042595025970e-05 -4.399719553160725519e-05 1.630470398974711091e-03 1.995805082966357557e-05 9.999999995212540682e-01 2.364673392665779365e-05 1.622189117511528078e-03 4.399672359242826167e-05 -2.364761199732641830e-05 9.999999987525394207e-01 8.098860298985737470e-04
9.999999997603807866e-01 7.623744999678147947e-06 -2.052113338229226712e-05 3.805063394956679362e-03 -7.623469079687452051e-06 9.999999998805479962e-01 1.344569530415742592e-05 1.949431746581468256e-04 2.052123588639331983e-05 -1.344553885870975811e-05 9.999999996990481810e-01 -2.297257329353428567e-04
9.999999988941559170e-01 -2.449527670660311108e-05 4.014560566752726291e-05 4.103172753579123130e-03 2.449567643024864503e-05 9.999999996504160826e-01 -9.956385353735474258e-06 6.895520712267716196e-04 -4.014536176907877399e-05 9.957368736491793086e-06 9.999999991446003600e-01 2.505206282523819283e-04
9.999999998513370292e-01 -1.605407519722922732e-05 6.292272091401037454e-06 4.572007873216576632e-03 1.605403117591691577e-05 9.999999998466614359e-01 6.996079731974883339e-06 -1.022083434464688204e-03 -6.292384406026292395e-06 -6.995978714602502254e-06 9.999999999557310781e-01 1.778487021649881143e-03
9.999999997751547465e-01 -2.717485326221977427e-06 2.103106840148820115e-05 -2.679011200402365081e-04 2.716756108967205746e-06 9.999999993951912414e-01 3.467328469205196089e-05 -2.977133565116111755e-03 -2.103116261291079316e-05 -3.467322754797227735e-05 9.999999991777287489e-01 7.946124622322642793e-04
9.999999993127316467e-01 -3.573015257103616632e-05 -9.894087669722690111e-06 -3.015168825502498318e-06 3.572995817485851724e-05 9.999999991686789880e-01 -1.964719102750436859e-05 5.633179475428616925e-04 9.894789658630533100e-06 1.964683749866285914e-05 9.999999997580474309e-01 1.306074644965166945e-03
9.999999991892374318e-01 -3.242759253772646512e-05 2.387417985513288796e-05 1.407500237665752644e-03 3.242789782155591750e-05 9.999999993924630903e-01 -1.278692046966443207e-05 1.090210385351099431e-03 -2.387376519158163684e-05 1.278769464876219036e-05 9.999999996332591401e-01 -9.179224002103247848e-04
9.999999972731060671e-01 -5.705060898988949985e-05 4.689366567327699835e-05 7.950296636414417618e-04 5.705080461846208590e-05 9.999999983639066281e-01 -4.170421279951673411e-06 1.736350037342480673e-03 -4.689342767148081648e-05 4.173096589937547021e-06 9.999999988917958049e-01 -9.294164383990689664e-04
9.999999989843076920e-01 -3.459811821219981124e-05 2.888519952133720156e-05 -3.459380494612393107e-04 3.459694718157980405e-05 9.999999985797648483e-01 4.054036813995537733e-05 2.621090019925496981e-03 -2.888660210076270162e-05 -4.053936875905667585e-05 9.999999987610619367e-01 2.808822863746208336e-04
9.999999966752204372e-01 -8.020296783067104975e-05 1.473238223731067518e-05 -6.014380561981071864e-04 8.020240328421217942e-05 9.999999960497024665e-01 3.831670122931311119e-05 4.292273513979851830e-03 -1.473545529226945539e-05 -3.831551952945699309e-05 9.999999991573936819e-01 8.429997942085954658e-04
9.999999969805348776e-01 -7.705044833919895300e-05 1.010735760923735288e-05 6.047090805829554968e-04 7.705022619187820493e-05 9.999999967901299636e-01 2.197732165719918038e-05 6.129825831427538133e-03 -1.010905093928103148e-05 -2.197654281664942851e-05 9.999999997074193736e-01 2.416514906576181128e-04
9.999999953736954383e-01 -8.888433672299816946e-05 3.677205181500212442e-05 -2.129472430309616807e-03 8.888486731047170358e-05 9.999999959456606913e-01 -1.442771360707964298e-05 7.748169968824511131e-03 -3.677076926816135328e-05 1.443098201927895641e-05 9.999999992198286280e-01 4.303702582546237014e-04
9.999999977272764351e-01 -4.955943647297744844e-05 4.570896434181493539e-05 -6.986659658907747039e-04 4.956042465263574813e-05 9.999999985382117540e-01 -2.161806728244693976e-05 6.667573428505575196e-03 -4.570789289576595926e-05 2.162033258899826260e-05 9.999999987216748876e-01 7.899390349237418773e-04
9.999999967634399800e-01 -5.062779966652933235e-05 6.252956089420266274e-05 2.354403978075738160e-03 5.062824110591628929e-05 9.999999986934819951e-01 -7.058128434467527289e-06 3.994543357482293472e-03 -6.252920347499425638e-05 7.061294173308669380e-06 9.999999980201184080e-01 4.009725192086605310e-04
9.999999986660774720e-01 -4.649522218349043173e-05 2.249531798689765103e-05 2.268091055832780530e-03 4.649485219708619267e-05 9.999999987838541493e-01 1.644750609925139500e-05 2.672996397110496795e-03 -2.249608268999051170e-05 -1.644646016082677224e-05 9.999999996117201473e-01 1.583940679497093781e-04
9.999999994398833802e-01 -3.158460843177626222e-05 -1.107454936182139181e-05 3.078536706257601219e-03 3.158482116980546777e-05 9.999999993166878154e-01 1.920998437249049428e-05 6.127284193739346817e-03 1.107394261441963005e-05 -1.921033414939179150e-05 9.999999997541654251e-01 1.017078951583768849e-03
9.999999967339334717e-01 -7.690030847325099721e-05 2.486916841440829258e-05 -3.966984610993722418e-03 7.689988734475591110e-05 9.999999968998188882e-01 1.693427151714188027e-05 7.828268207365242370e-03 -2.487047058801280605e-05 -1.693235902558399851e-05 9.999999995473775050e-01 7.286461866080214643e-04
9.999999973266775477e-01 -4.505311857851380605e-05 5.759219943867185601e-05 -1.905294786902026263e-03 4.505223064114721439e-05 9.999999988662774397e-01 1.541887159470032765e-05 1.626759615173169540e-03 -5.759289404162857841e-05 -1.541627689642846753e-05 9.999999982226984718e-01 1.006428018821947223e-03
9.999999998965193315e-01 -1.420721561287450179e-05 2.261927299094080295e-06 -1.034037202728270823e-03 1.420716414657141294e-05 9.999999996402586522e-01 2.275168717995786760e-05 -1.187782620856292232e-03 -2.262250536405693693e-06 -2.275165504203108057e-05 9.999999997386221917e-01 1.173955690143196244e-03
9.999999990023943353e-01 -4.465703968334377890e-05 -9.798928123693528506e-07 -2.111573301850133266e-03 4.465703894662250735e-05 9.999999990025918439e-01 -7.518476281989232763e-07 3.374326118547239274e-03 9.799263866813680531e-07 7.518038683373903729e-07 9.999999999992372768e-01 7.919416009290685494e-04
9.999999951217173333e-01 -8.803395949058286758e-05 4.479494709345804658e-05 1.427610511444063913e-03 8.803354585979439285e-05 9.999999960823977574e-01 9.235759517806051957e-06 5.956890166164887680e-03 -4.479575997844851334e-05 -9.231816014722166874e-06 9.999999989540567791e-01 -4.924768707725078569e-04
9.999999970312144493e-01 -5.902744521162707524e-05 4.953111879305925575e-05 6.702808848741423700e-03 5.902681384024290512e-05 9.999999981766576340e-01 1.274832893477454357e-05 3.558796196900053041e-03 -4.953187120403480733e-05 -1.274540523279919115e-05 9.999999986920742323e-01 -4.608266358519426138e-04
9.999999968475479228e-01 -7.915759393073642125e-05 6.243350864341268591e-06 1.111586139454551550e-03 7.915744593290067359e-05 9.999999965861674500e-01 2.370155838459576573e-05 3.343516243842029837e-03 -6.245227001361648287e-06 -2.370106410216925367e-05 9.999999996996283835e-01 3.298486145288579124e-04
9.999999988862436906e-01 -4.713546696998586794e-05 2.400062387667645917e-06 -2.147819653986162564e-03 4.713537024617297605e-05 9.999999980777014574e-01 4.028466187222711967e-05 2.450820171156220962e-03 -2.401961219403085269e-06 -4.028454869953056368e-05 9.999999991856928228e-01 1.921944645798240705e-04
9.999999996003938740e-01 -2.391374218351120860e-05 1.507797278837800991e-05 -1.860859480960230274e-03 2.391330215611897934e-05 9.999999992882543376e-01 2.918296337351572613e-05 7.815516066068553622e-04 -1.507867065150859129e-05 -2.918260279773484322e-05 9.999999994605046627e-01 -2.646383417632950014e-04
9.999999985149111703e-01 -5.432021848122364045e-05 4.414908409597748799e-06 1.357974483464943717e-03 5.432023178771270265e-05 9.999999985201143415e-01 -3.013925812167477993e-06 3.131697700570863167e-04 -4.414744685955586624e-06 3.014165626539661114e-06 9.999999999857124289e-01 5.283668038382932945e-04
9.999999965085445419e-01 -8.350425715601087363e-05 -3.154359979225780457e-06 1.662699256972352806e-03 8.350426495429649114e-05 9.999999965104630073e-01 2.472173577672254891e-06 4.257899672044014074e-03 3.154153531200360887e-06 -2.472436971552237741e-06 9.999999999919692018e-01 3.398616899445638332e-04
9.999999990962187280e-01 -4.212721115106777951e-05 5.732420795513714154e-06 2.105524368137419531e-03 4.212716642153395484e-05 9.999999990822090457e-01 7.802801852010565476e-06 6.593726053286249819e-03 -5.732749500533739778e-06 -7.802560354313688086e-06 9.999999999531278272e-01 3.839248950946455444e-04
9.999999998883045693e-01 -1.153350024100260898e-05 9.506271593940252858e-06 2.131228423817999127e-03 1.153339992632704315e-05 9.999999998778131838e-01 1.055246040041117320e-05 5.444330425129387252e-03 -9.506393299583283500e-06 -1.055235075960040974e-05 9.999999998991382366e-01 8.623139339663072559e-04
9.999999999794009220e-01 -4.754398025409646831e-06 4.312068762489388268e-06 3.535146046064966373e-03 4.754338737641763584e-06 9.999999998941783153e-01 1.374916912638476348e-05 1.091331452942381590e-03 -4.312134131055623817e-06 -1.374914862506598460e-05 9.999999998961831560e-01 1.169699034369300547e-03
9.999999992552978112e-01 -2.769490222230200152e-05 2.687744018418920558e-05 7.203159188259897899e-03 2.769419421328685700e-05 9.999999992695615125e-01 2.634214437072301078e-05 -6.258529849247698729e-04 -2.687816970766956082e-05 -2.634140000205754289e-05 9.999999992918473524e-01 3.576126413832540069e-05
9.999999986459103818e-01 -8.316693776751735606e-06 5.137131379232002918e-05 1.953495823524517214e-02 8.315851170594389254e-06 9.999999998309029303e-01 1.640246178697922700e-05 -1.398742795005657787e-03 -5.137145019788516283e-05 -1.640203456856888668e-05 9.999999985459736562e-01 -4.288404197580803932e-04
9.999999890301254357e-01 -1.644353490271631963e-05 1.472051600778578949e-04 3.692337255295872339e-02 1.644471599504607263e-05 9.999999998326075668e-01 -8.022237027425963330e-06 1.871561171315183278e-03 -1.472050281392823243e-04 8.024657686473513906e-06 9.999999891331422530e-01 1.253149674988926574e-03
9.999999742874432496e-01 8.187416291496782102e-05 2.114751385912439809e-04 3.419184890875309746e-02 -8.187564512505423231e-05 9.999999966236875482e-01 7.000261576132603938e-06 6.209689569839846324e-05 -2.114745647366810997e-04 -7.017576059538049755e-06 9.999999776146307751e-01 -1.551532601669304220e-05
9.999999862067739942e-01 9.310999525547053175e-05 1.375390149434567086e-04 1.934447200950153295e-02 -9.311253932312496323e-05 9.999999954940731461e-01 1.849077427237271897e-05 1.553566032803202360e-03 -1.375372926478111979e-04 -1.850358062426267443e-05 9.999999903705553139e-01 5.862627910131286337e-04
9.999999944499942117e-01 -1.785335347406689742e-05 1.038328916365363375e-04 4.000529965658668544e-03 1.784672378683952934e-05 9.999999978023256242e-01 6.385016285724603351e-05 6.197061863166920120e-03 -1.038340313478723051e-04 -6.384830942594022234e-05 9.999999925709436299e-01 2.102354999152910870e-03
9.999999734196002299e-01 -1.181533344543523342e-04 1.979913848111865867e-04 -1.636859993719917000e-02 1.181453102792121826e-04 9.999999921991332696e-01 4.053910627960605965e-05 -2.283024340233207744e-03 -1.979961730972648810e-04 -4.051571344846927611e-05 9.999999795779960232e-01 3.274749720256611273e-03
9.999999580758652806e-01 -1.575066615550243772e-04 2.429813148312751688e-04 -3.629374307127172794e-02 1.575129132301904765e-04 9.999999872643360321e-01 -2.571011491051718371e-05 -9.021962396482266847e-03 -2.429772622223790252e-04 2.574838652740243952e-05 9.999999701495349003e-01 2.506231405989734710e-03
9.999999816692549670e-01 -6.574485338337927474e-05 1.798307648204807829e-04 -6.222137365168697865e-02 6.574793986224727969e-05 9.999999976914163424e-01 -1.715738372053960791e-05 -1.515376746823017193e-02 -1.798296363956492340e-04 1.716920690834277893e-05 9.999999836832599298e-01 1.474516726183165184e-03
9.999999840733669876e-01 -7.487845618779928418e-05 1.620076620061122101e-04 -9.734474233523218722e-02 7.487124047959296694e-05 9.999999962050242219e-01 4.454490856672389652e-05 -1.047292520365826311e-02 -1.620109968452815611e-04 -4.453277814265188295e-05 9.999999858846342349e-01 5.572229248370994936e-04
9.999999635350639293e-01 -6.646551081474176418e-05 2.617483652269184937e-04 -1.255389361977451435e-01 6.646782108611310814e-05 9.999999977521392136e-01 -8.817617751755674291e-06 -1.491635909486972028e-02 -2.617477785710765328e-04 8.835015273731290907e-06 9.999999657050209212e-01 4.405769189258449542e-03
9.999998786830358588e-01 -1.826261825452624307e-04 4.574730495948182854e-04 -1.608159203125394399e-01 1.826547305001850849e-04 9.999999813740791943e-01 -6.236257504419910397e-05 -3.368634621100868864e-02 -4.574616520349474545e-04 6.244612709514565127e-05 9.999998934146533403e-01 7.925379980115056580e-03
9.999996935027127831e-01 -5.159608288148709960e-04 5.888793625570515984e-04 -2.200187360482778187e-01 5.159844359513835388e-04 9.999998660825393237e-01 -3.993701654705012128e-05 -4.114572399655091334e-02 -5.888586777596647353e-04 4.024085689219530324e-05 9.999998258130503581e-01 9.855574435353552445e-03
9.999982340236450717e-01 -1.742665553957487967e-03 7.036095211695535907e-04 -3.389242449119274081e-01 1.742694432862641057e-03 9.999984806894915979e-01 -4.043293506330551402e-05 -2.494414273214407354e-02 -7.035379910850339839e-04 4.165904005514955440e-05 9.999997516493789318e-01 7.524573793060873594e-03
9.999966244386518932e-01 -2.487547749859845767e-03 7.504781768413220288e-04 -4.725443454477056271e-01 2.487608429838652178e-03 9.999969027027528767e-01 -7.993247584076209038e-05 -2.472521799186797042e-02 -7.502770165369125046e-04 8.179910186290661263e-05 9.999997151966121267e-01 5.574587642415470418e-03
9.999972330316766467e-01 -2.234006069431274284e-03 7.369843093821662515e-04 -5.869967491925246472e-01 2.234073124387314299e-03 9.999975003897565440e-01 -9.017490614362440337e-05 -2.913336705343514549e-02 -7.367810159210019761e-04 9.182113347120139050e-05 9.999997243612690490e-01 9.228355003175685994e-03
9.999976718925259744e-01 -1.977183058009149112e-03 8.642665579240081360e-04 -6.914996880697328319e-01 1.977246375182878033e-03 9.999980426246584120e-01 -7.241286898678056115e-05 -2.240543799803787484e-02 -8.641216927322165628e-04 7.412156832068607522e-05 9.999996238997759246e-01 1.488713604564576888e-02
9.999948109733112211e-01 -2.973519448584880601e-03 1.239438800636873247e-03 -8.358395856838883864e-01 2.973645084037662267e-03 9.999955737541240675e-01 -9.953428697765648162e-05 -7.544455032037704345e-03 -1.239137347437864250e-03 1.032194215880642793e-04 9.999992269418938040e-01 2.368109785101190842e-02
9.999927952924212438e-01 -3.484924863967375861e-03 1.504879377973688788e-03 -9.588231978133683331e-01 3.484936599796627840e-03 9.999939275766130953e-01 -5.176374584591076771e-06 -1.909372325028476855e-02 -1.504852200432464345e-03 1.042074651290556735e-05 9.999988676549903532e-01 2.632355611699707665e-02
9.999932763456090834e-01 -3.335095249154234297e-03 1.524599374681150435e-03 -1.091804523206794997e+00 3.335156162522993906e-03 9.999944376513482114e-01 -3.741303774140513028e-05 -4.322445971231649725e-02 -1.524466118283446334e-03 4.249756318891618746e-05 9.999988370978294405e-01 2.797869856611323244e-02
9.999922481374584615e-01 -3.515841003095096246e-03 1.772717414783584475e-03 -1.276158220801789867e+00 3.516247212985885561e-03 9.999937924272511713e-01 -2.260807397670331438e-04 -6.514370738174915521e-02 -1.771911546576386077e-03 2.323122998893594740e-04 9.999984031789582728e-01 3.305267352055340363e-02
9.999877525081798391e-01 -4.347751477305076065e-03 2.364717896657221683e-03 -1.468814728221511601e+00 4.348854414551862543e-03 9.999904372086685367e-01 -4.614720976227060776e-04 -6.335858656361717522e-02 -2.362688917359244498e-03 4.717502596110128101e-04 9.999970975721741429e-01 3.889461507980764704e-02
9.999832597781865839e-01 -4.787994243920662592e-03 3.248888196293190592e-03 -1.644757368701480260e+00 4.790722390459889977e-03 9.999881779290552553e-01 -8.324548670174189554e-04 -6.089813290634364662e-02 -3.244863998594839805e-03 8.480054529643781197e-04 9.999943758563757390e-01 4.728229061333785732e-02
9.999761419965970122e-01 -5.816850033750577999e-03 3.725546038700152610e-03 -1.834390042801930631e+00 5.820835859737767855e-03 9.999824970712276606e-01 -1.059915603308083645e-03 -5.009759234581968868e-02 -3.719315460620323515e-03 1.081576107817182808e-03 9.999924984146768558e-01 4.252370339226865109e-02
9.999699988187400468e-01 -6.811201720765603686e-03 3.689036943154528139e-03 -2.048682558308632107e+00 6.814915050555690225e-03 9.999762832206121610e-01 -9.949518298462307897e-04 -4.414379794288506020e-02 -3.682172633463666120e-03 1.020062453501998506e-03 9.999927005120029522e-01 4.298642689713312592e-02
9.999630670670321964e-01 -7.572099973047304727e-03 4.065440184313860207e-03 -2.278290628056760081e+00 7.575633485000132089e-03 9.999709394122416883e-01 -8.544637499090157115e-04 -5.392382265363004912e-02 -4.058851955294952123e-03 8.852304768481701960e-04 9.999913710066741235e-01 5.222933352682214425e-02
9.999552344521482894e-01 -8.062879802670957705e-03 4.951672549424145781e-03 -2.506506085534289330e+00 8.066432386621547393e-03 9.999672222653958054e-01 -6.978992624047335560e-04 -4.271284080221911944e-02 -4.945883166948331772e-03 7.378103523825264637e-04 9.999874968596271785e-01 6.479154441346436644e-02
9.999414993214297276e-01 -9.296513990282978188e-03 5.529264186089526481e-03 -2.767320907725525192e+00 9.299121083146089442e-03 9.999566627828402332e-01 -4.459857464345459883e-04 -1.406103840329869098e-02 -5.524878450435564275e-03 4.973769531328966131e-04 9.999846140487734791e-01 6.961978213377936764e-02
9.999389854952410728e-01 -9.595613869887246669e-03 5.472611918286295583e-03 -3.021693193555283763e+00 9.596580813184990219e-03 9.999539404392362441e-01 -1.504551107308689409e-04 -1.727951591472282750e-02 -5.470916143037784889e-03 2.029642933198330256e-04 9.999850138287330603e-01 7.219199159807754285e-02
9.999266549333098997e-01 -1.014107537395638088e-02 6.621430671770190020e-03 -3.295082291503280914e+00 1.014291990255788804e-02 9.999485292391929736e-01 -2.450473938571692909e-04 -3.786494769866445564e-02 -6.618604817604585751e-03 3.121900617838297386e-04 9.999780480628730484e-01 9.271981912999642528e-02
9.999157450964837324e-01 -1.056542076564645841e-02 7.541524526826450490e-03 -3.586983108713409862e+00 1.057264928196915976e-02 9.999436854281912312e-01 -9.192711499210905581e-04 -7.093230232940662960e-02 -7.531387342605301398e-03 9.989275906925531787e-04 9.999711397577253358e-01 1.036590179237522891e-01
9.999137408514799930e-01 -1.108235725795315117e-02 7.049270459167122568e-03 -3.883422676865219358e+00 1.109365137813437575e-02 9.999372387286196151e-01 -1.565088778289202903e-03 -8.197961230028356916e-02 -7.031483165009386194e-03 1.643155924008010823e-03 9.999739288017011063e-01 9.706534311287404182e-02
9.999262712017169541e-01 -1.087145101709912839e-02 5.409594570126827033e-03 -4.216935300332337100e+00 1.087973808925073518e-02 9.999396815316666798e-01 -1.504857952852472775e-03 -7.906170400954362631e-02 -5.392908282145925623e-03 1.563601973576035295e-03 9.999842357203080345e-01 7.436163196049543067e-02
9.999379759919179156e-01 -1.037815471591991591e-02 4.042038332197669948e-03 -4.561798150575942401e+00 1.038160289095588044e-02 9.999457627182890551e-01 -8.330325045398250016e-04 -6.885445077987643880e-02 -4.033173762810456434e-03 8.749436733599286762e-04 9.999914839552221935e-01 7.200547239943440314e-02
9.999416166233657810e-01 -1.014085525387569200e-02 3.731809128247998587e-03 -4.890494577842479096e+00 1.014074765940939024e-02 9.999485801562886245e-01 4.775280778697598067e-05 -5.786429172559346551e-02 -3.732101493517596836e-03 -9.906685134170134212e-06 9.999930356358986971e-01 1.006005597783402317e-01
9.999340034322016235e-01 -1.068375256774925508e-02 4.224477615159708682e-03 -5.223142667517929993e+00 1.068238679620888212e-02 9.999428819096412013e-01 3.457319444756552372e-04 -5.970520630843448306e-02 -4.227930035615112825e-03 -3.005816234568795616e-04 9.999910170888044458e-01 1.301696942103022780e-01
9.999199957711727427e-01 -1.167635029434280040e-02 4.864658341719596199e-03 -5.562672178630244879e+00 1.167678473386420980e-02 9.999318221699013964e-01 -6.091190158107361231e-05 -6.791471973388983618e-02 -4.863615451169731735e-03 1.177105966314177831e-04 9.999881656244530292e-01 1.367037840099250556e-01
9.999131067974460496e-01 -1.224228749208575336e-02 4.889299708584321155e-03 -5.916224563304237627e+00 1.224647809951713053e-02 9.999246661914868994e-01 -8.280797071789302265e-04 -9.884361993981415073e-02 -4.878793789174665912e-03 8.878844544843568585e-04 9.999877044405887094e-01 1.237382637617000791e-01
9.999100326236890490e-01 -1.258860669165270778e-02 4.631807428629879791e-03 -6.319436868837584598e+00 1.259382228412563899e-02 9.999200911672655456e-01 -1.098599255084162143e-03 -1.207061426153071548e-01 -4.617607472370810137e-03 1.156832576602022638e-03 9.999886696556220533e-01 1.114963164236399129e-01
9.999047708778669996e-01 -1.299914884237616912e-02 4.633713959022778099e-03 -6.732272622376443749e+00 1.300386079916428066e-02 9.999149579059571913e-01 -9.882106273051854441e-04 -1.212527905989065763e-01 -4.620474001252548694e-03 1.048372692180941142e-03 9.999887760043619789e-01 1.185865670027683311e-01
9.998925793756705538e-01 -1.393779010629351590e-02 4.535164431565917066e-03 -7.154621105039907114e+00 1.393962163038839526e-02 9.999027693732754907e-01 -3.724895379444512363e-04 -9.552072261962019084e-02 -4.529531793689276463e-03 4.356680010933533845e-04 9.999896467139661738e-01 1.320673964701699898e-01
9.998793156624073974e-01 -1.485663730518752522e-02 4.542514552306660576e-03 -7.550676032113996961e+00 1.485580335325119468e-02 9.998896228572747846e-01 2.172764744742063960e-04 -6.823311085515366969e-02 -4.545241160305802698e-03 -1.497675496884603899e-04 9.999896591227709353e-01 1.549167826464221132e-01
9.998705236314356926e-01 -1.546579714341013781e-02 4.443544949423951576e-03 -7.961856569534068839e+00 1.546458473256753091e-02 9.998803690049068438e-01 3.070792415722727975e-04 -7.480861403661732967e-02 -4.447762588977019135e-03 -2.383219046838733310e-04 9.999900802561102475e-01 1.772365217648842750e-01
9.998613937096555437e-01 -1.575489079619369140e-02 5.383008915584576795e-03 -8.393725706793803809e+00 1.575741599865941936e-02 9.998757530311720432e-01 -4.270145099944464419e-04 -1.100710130580461743e-01 -5.375612526070289859e-03 5.117776339046515785e-04 9.999854203305280631e-01 1.848065080299483576e-01
9.998574539482036894e-01 -1.542382917017707730e-02 6.868571754373082629e-03 -8.858567563175697046e+00 1.543406344163204130e-02 9.998798515350364458e-01 -1.439506843696371349e-03 -1.443362696204682494e-01 -6.845543798373828794e-03 1.545311619889664723e-03 9.999753749678549353e-01 1.705822714959643049e-01
9.998437533171536939e-01 -1.589443321973373069e-02 7.735369757811355954e-03 -9.335930647732871179e+00 1.590811615809524515e-02 9.998719946963540162e-01 -1.710573656636559751e-03 -1.597026690064152210e-01 -7.707190990703847999e-03 1.833361545810026014e-03 9.999686185038384467e-01 1.639466923045548863e-01
9.998289719101651762e-01 -1.690739893682894485e-02 7.494450630507157492e-03 -9.807648721742475928e+00 1.691758455492479996e-02 9.998560451903290014e-01 -1.297778556469362642e-03 -1.506412036775267027e-01 -7.471429708507165181e-03 1.424344602116135294e-03 9.999710740719279789e-01 1.759556616139969776e-01
9.998209206291667206e-01 -1.755697557507306106e-02 7.062526523969200019e-03 -1.026336671721476179e+01 1.756159002841851252e-02 9.998456081967982412e-01 -5.918827994408549413e-04 -1.424512073899090459e-01 -7.051044455910915158e-03 7.158060008203027394e-04 9.999748848815404045e-01 2.054843954020362518e-01
9.998206890460776819e-01 -1.734588733581804085e-02 7.596706388921702080e-03 -1.075361432057810340e+01 1.734719573712612331e-02 9.998495204206988562e-01 -1.063699029694736858e-04 -1.537590858443556585e-01 -7.593718159387393210e-03 2.381323823668048882e-04 9.999711389522620841e-01 2.426460457627891143e-01
9.998170419483133342e-01 -1.741962066550785393e-02 7.901863425447372066e-03 -1.128490532575104943e+01 1.742178879957360926e-02 9.998482079758566066e-01 -2.056270683548531378e-04 -1.791445582754953025e-01 -7.897082040074216228e-03 3.432540429482721939e-04 9.999687586479460988e-01 2.485382132431880053e-01
9.998080788686077858e-01 -1.810677923183454802e-02 7.479971585056966604e-03 -1.182041943638380133e+01 1.811391838547473515e-02 9.998355353716200655e-01 -8.877887531666267540e-04 -2.106156516037763216e-01 -7.462666399351844740e-03 1.023109962562073795e-03 9.999716305256947102e-01 2.301031559721155306e-01
9.998037302108956359e-01 -1.882589086418134244e-02 6.171457651839805207e-03 -1.233310358027909714e+01 1.883866553795272153e-02 9.998204992595004503e-01 -2.018400661991146851e-03 -2.186155907324915659e-01 -6.132351680038501500e-03 2.134266537503539188e-03 9.999789193624130101e-01 2.292669517705550608e-01
9.997980752998028020e-01 -1.926868349379087450e-02 5.703197631667859639e-03 -1.283673567497353574e+01 1.928051271994105434e-02 9.998120599590699653e-01 -2.026472219702307644e-03 -2.210107538510112102e-01 -5.663078320661128935e-03 2.136023599388596397e-03 9.999816833058078336e-01 2.424440280768401512e-01
9.997858195822980631e-01 -1.976054091157636652e-02 6.151096246568143501e-03 -1.338131604813888309e+01 1.976798053551142090e-02 9.998039318113691731e-01 -1.151034349963242628e-03 -2.156114307418395271e-01 -6.127145150905907202e-03 1.272382571819594783e-03 9.999804193757448889e-01 2.611641660094614625e-01
9.997774257299452128e-01 -1.982574452860297320e-02 7.213796135911778977e-03 -1.390597327777237524e+01 1.983036036417049758e-02 9.998031972193245354e-01 -5.688917678592329830e-04 -2.172895187619309776e-01 -7.201097737919002865e-03 7.118173241580526191e-04 9.999738184109951966e-01 2.890588670663615800e-01
9.997777075107023848e-01 -1.954350085986103491e-02 7.911203371485113836e-03 -1.446147902319361300e+01 1.955124664467259438e-02 9.998084483882189177e-01 -9.029319915277546956e-04 -2.287802923260542909e-01 -7.892041515575360863e-03 1.057405164899762441e-03 9.999682982850174318e-01 3.175143693651820698e-01
9.997729600790292714e-01 -1.971321251461163188e-02 8.088111471140156661e-03 -1.503728873466200078e+01 1.972903211706045906e-02 9.998035946575576371e-01 -1.880798115232588594e-03 -2.541778686171557444e-01 -8.049446349894292391e-03 2.039941709957633457e-03 9.999655219312714172e-01 3.221624483560199259e-01
9.997667130589276141e-01 -2.039182764051275520e-02 7.119889383099772297e-03 -1.563668709874717599e+01 2.041095540404955916e-02 9.997882306276587583e-01 -2.624270929110753773e-03 -2.710216906113265267e-01 -7.064867928125539813e-03 2.768982465653371892e-03 9.999712097741929595e-01 3.197979649811449332e-01
9.997624166778589228e-01 -2.103514345137843383e-02 5.712524698160076700e-03 -1.623797522424664308e+01 2.105005663868646931e-02 9.997751374053256423e-01 -2.563150731076175876e-03 -2.859293269859146669e-01 -5.657323921718615187e-03 2.682790737656503156e-03 9.999803984678413693e-01 3.217698231407233878e-01
9.997682367591651520e-01 -2.118770392164319796e-02 3.814966578984384238e-03 -1.681770800778530628e+01 2.119739144477991374e-02 9.997721415127572842e-01 -2.517071896476576198e-03 -2.721273155583430192e-01 -3.760766332378780337e-03 2.597355871659919567e-03 9.999895551349869960e-01 3.664859381805160021e-01
9.997847937634217752e-01 -2.060916730012193193e-02 2.372421258489573921e-03 -1.740352124695725067e+01 2.061775839612333544e-02 9.997807482810818769e-01 -3.655599162789412854e-03 -2.640474376145847124e-01 -2.296562246322539878e-03 3.703726463372515772e-03 9.999905040609802231e-01 4.378003163187097480e-01
9.998062580540865163e-01 -1.941036458173582210e-02 3.268654568712640960e-03 -1.801268380097748079e+01 1.942495871820550460e-02 9.998012179823925205e-01 -4.493940333428467215e-03 -2.936950935597721912e-01 -3.180775798682196603e-03 4.556563148744766090e-03 9.999845600795994605e-01 4.501564708340031196e-01
9.998244166370571229e-01 -1.793750794255135825e-02 5.420489385593910657e-03 -1.863673174697412449e+01 1.796303253973604783e-02 9.998276166490051020e-01 -4.697493794198343876e-03 -3.200701021868151419e-01 -5.335293651226071833e-03 4.794037419655272463e-03 9.999742755925644655e-01 4.365344989667266362e-01
9.998324391286053103e-01 -1.706175977502126170e-02 6.632497231294538428e-03 -1.926798835380305519e+01 1.709073915210000336e-02 9.998445344781569100e-01 -4.337454252507207120e-03 -3.109000618942657779e-01 -6.557461504159929622e-03 4.450081745000103103e-03 9.999685977424912497e-01 4.410457498622984973e-01
9.998411780750979805e-01 -1.655972603467145352e-02 6.587419757143056324e-03 -1.991300565280765511e+01 1.658346011698801428e-02 9.998561302441171250e-01 -3.564781032190673243e-03 -3.090144972626198694e-01 -6.527440229404026829e-03 3.673457079621727378e-03 9.999719487251308436e-01 4.645251740190423084e-01
9.998605278846003364e-01 -1.571372354052146328e-02 5.657178697940319807e-03 -2.054876467647271809e+01 1.573504296602274213e-02 9.998691869477144278e-01 -3.743983890719979318e-03 -3.216508660093810867e-01 -5.597606737328577296e-03 3.832477659245277658e-03 9.999769891921541642e-01 4.990395796651043159e-01
9.998838265117354629e-01 -1.424870699713007109e-02 5.413670581000632788e-03 -2.119458702748258361e+01 1.427166130943816579e-02 9.998892268804546735e-01 -4.225358194916128615e-03 -3.302047848991045420e-01 -5.352865000944903064e-03 4.302129393288368908e-03 9.999764189814502879e-01 5.147722972812710518e-01
9.998928378045474075e-01 -1.328923972277668009e-02 6.140766626376486029e-03 -2.185803091312975255e+01 1.331512853081771516e-02 9.999025523619677891e-01 -4.194416792609103641e-03 -3.313314041447618097e-01 -6.084427612918816286e-03 4.275732406604923312e-03 9.999723485442035820e-01 5.117902135574691203e-01
9.998952946008741183e-01 -1.260762847078482352e-02 7.102643125895671990e-03 -2.251934820728491715e+01 1.263576188890150331e-02 9.999124419811468156e-01 -3.930126306699719373e-03 -3.443687146804826349e-01 -7.052471660216820711e-03 4.019462108576821700e-03 9.999670527411588239e-01 5.268304191372648049e-01
9.999060636219437859e-01 -1.139915504397862218e-02 7.610729028990345819e-03 -2.318091130156996726e+01 1.142932513644330690e-02 9.999269503297830708e-01 -3.932496802927721441e-03 -3.645895113422422118e-01 -7.565345926978143780e-03 4.019112895019034612e-03 9.999633054630265860e-01 5.588474292730090109e-01
9.999208478076233586e-01 -1.040236621467807016e-02 7.077350974724218487e-03 -2.385772258877812746e+01 1.043178111613250053e-02 9.999370500342839030e-01 -4.132058987849463773e-03 -3.755097892729450382e-01 -7.033922264910736320e-03 4.205561302571916328e-03 9.999664180319765006e-01 5.785658485475461132e-01
9.999353544734130850e-01 -9.773003983124107022e-03 5.811649273277342057e-03 -2.455632536714326264e+01 9.796250327006655531e-03 9.999440749306442999e-01 -3.985033328429405872e-03 -3.628323248590963335e-01 -5.772378509797039536e-03 4.041708084945213816e-03 9.999751718128284672e-01 5.869426685215538564e-01
9.999522360291457357e-01 -8.683445765191805457e-03 4.485914617400769099e-03 -2.526138231829539293e+01 8.697699589409671819e-03 9.999571566606046957e-01 -3.167785518496986884e-03 -3.386028672071205725e-01 -4.458215132092689832e-03 3.206651350207702714e-03 9.999849207387850880e-01 5.995482482159968374e-01
9.999609881833102509e-01 -7.918654635934864461e-03 3.913696489827424643e-03 -2.597185055130684717e+01 7.927266802597331130e-03 9.999661807569074634e-01 -2.189927734940191970e-03 -3.474795608515265921e-01 -3.896222850163798268e-03 2.220867218140083321e-03 9.999899435475845255e-01 6.250976201178831682e-01
9.999663719336012724e-01 -6.924098823914523471e-03 4.394525847821803034e-03 -2.668293490517586974e+01 6.932600859084302528e-03 9.999741213528597905e-01 -1.922412521976347424e-03 -3.637222774955147786e-01 -4.381101149155543044e-03 1.952813368628290294e-03 9.999884961701650532e-01 6.552653312653653472e-01
9.999702626505018177e-01 -5.412564080711570157e-03 5.493447438405660993e-03 -2.737800573723740527e+01 5.423934938850205091e-03 9.999831744694591684e-01 -2.057111509421590771e-03 -3.767477475014158750e-01 -5.482220760372098073e-03 2.086846437873584020e-03 9.999827950157339496e-01 6.765007244243115281e-01
9.999672414977571755e-01 -4.458550797642752556e-03 6.755535223135791106e-03 -2.809558393612963201e+01 4.473878181255988226e-03 9.999874485958084591e-01 -2.255452252811651626e-03 -3.704515554486421114e-01 -6.745394383241856695e-03 2.285601809211462547e-03 9.999746375178644175e-01 6.906549976592361029e-01
9.999679847265645627e-01 -3.063909217754554049e-03 7.392021523143024048e-03 -2.881220072907717267e+01 3.083254474668782261e-03 9.999918483292568050e-01 -2.607070555455635874e-03 -3.776706923278301264e-01 -7.383973438311243476e-03 2.629778572817016193e-03 9.999692801286048649e-01 7.081966796379511875e-01
9.999685975393749482e-01 -1.925168437702060031e-03 7.687500349397039835e-03 -2.954668091749066150e+01 1.945878014531323471e-03 9.999944958168837106e-01 -2.687358310528379854e-03 -3.717661701560661114e-01 -7.682284418587184173e-03 2.702232858781441517e-03 9.999668396720406971e-01 7.203782188384257879e-01
9.999675807610748368e-01 -1.459779003836888080e-03 7.918741825768509102e-03 -3.029257969032235565e+01 1.481750658849752744e-03 9.999950671780707401e-01 -2.769482715391061254e-03 -3.771088393249545367e-01 -7.914659931305762647e-03 2.781126531786805214e-03 9.999648111275646345e-01 7.393478287510389935e-01
9.999776542361912268e-01 -5.395714237260416414e-04 6.663324317718087933e-03 -3.104169282081165093e+01 5.580630255627785918e-04 9.999959978902185354e-01 -2.773584180362866948e-03 -3.667074492235075645e-01 -6.661801103597635859e-03 2.777240757434920604e-03 9.999739533307011596e-01 7.638664842905030783e-01
9.999921146483941037e-01 1.285833907728183099e-03 3.757295862020336528e-03 -3.179478024024825444e+01 -1.272992736471312888e-03 9.999933481615465025e-01 -3.418058243050092933e-03 -3.650503142717713700e-01 -3.761665924282744499e-03 3.413248280117911308e-03 9.999870997196175226e-01 7.981222623277948180e-01
9.999937686469496656e-01 2.785598712752770240e-03 2.168664815609899765e-03 -3.255190670693788491e+01 -2.775324857271669471e-03 9.999849806953293729e-01 -4.726093069148005685e-03 -3.735096081641764432e-01 -2.181797242542074175e-03 4.720044869823690134e-03 9.999864803772194888e-01 8.239125941997395008e-01
9.999846968538992353e-01 3.922216829933525620e-03 3.901573164018404521e-03 -3.331034184944807919e+01 -3.900155375328019300e-03 9.999764547244284207e-01 -5.646130073908435000e-03 -3.724714185658921650e-01 -3.923626646802972663e-03 5.630826928807127797e-03 9.999764491936968813e-01 8.226441285430536876e-01
9.999616379541574895e-01 5.064157747864032541e-03 7.146812320412043902e-03 -3.406520024252213830e+01 -5.018591783522475397e-03 9.999670585848087212e-01 -6.379301039771351559e-03 -3.643647924644127234e-01 -7.178882681086617805e-03 6.343189383142823837e-03 9.999541127431301746e-01 8.362048729311449824e-01
9.999406067145188981e-01 5.928376569489387897e-03 9.145348251991753177e-03 -3.483007887044087880e+01 -5.877649693206830027e-03 9.999672488030408868e-01 -5.563681817036111518e-03 -3.344789664646177774e-01 -9.178032331814104869e-03 5.509598218346036663e-03 9.999427023834858153e-01 8.444109616192209122e-01
9.999448142773209591e-01 6.920703429344126495e-03 7.903939773125430446e-03 -3.560850401756465544e+01 -6.889863183272088021e-03 9.999685715161646948e-01 -3.922469277982650396e-03 -3.318838184101844391e-01 -7.930837610865666687e-03 3.867795750035201742e-03 9.999610702276494623e-01 8.694990680764878022e-01
