9.999999999999997780e-01 -1.179437378800895267e-19 4.513296021473010816e-20 0.000000000000000000e+00 2.410750703817041256e-18 1.000000000000000000e+00 3.393380551570677611e-19 0.000000000000000000e+00 1.704598014230834765e-20 -9.899396815885539085e-19 1.000000000000000000e+00 5.551115123125782702e-17
9.999982071814382811e-01 4.943078889357646610e-04 1.828111133545049470e-03 -2.274175336960742103e-03 -4.931980361165205036e-04 9.999996947382242540e-01 -6.071735073179718341e-04 -2.993259687951918199e-02 -1.828410946332490600e-03 6.062710582285788831e-04 9.999981454896029742e-01 1.199504627786777800e+00
9.999937873937763122e-01 9.098494495729861613e-04 3.405601509363882524e-03 -5.607179236881712492e-03 -9.076861646679852983e-04 9.999993865202525534e-01 -6.365529373665526234e-04 -5.398116539606023778e-02 -3.406178806900859220e-03 6.334579888140903173e-04 9.999939995004790694e-01 2.403664362507980101e+00
9.999896051839998190e-01 3.882978464056776550e-04 4.543498878726534226e-03 -3.695303311360871590e-03 -3.865050260163963264e-04 9.999998504488487594e-01 -3.954230244256381598e-04 -7.991718565239053218e-02 -4.543650097734978736e-03 3.936636971815199687e-04 9.999896017167444473e-01 3.597531243941569645e+00
9.999849890124931084e-01 9.324493626203653109e-05 5.479619233278037321e-03 -1.220423484226603253e-03 -9.145567817853810508e-05 9.999999483816761625e-01 -3.269245034328841686e-04 -1.097142546554606135e-01 -5.479646469132102432e-03 3.264235165055587025e-04 9.999849369929993959e-01 4.799960248599954404e+00
9.999796565817626881e-01 -1.723937172322215455e-04 6.377407328732089160e-03 3.798270989418610702e-03 1.752244614116775577e-04 9.999998927438682461e-01 -4.433002189008093587e-04 -1.304917448259669821e-01 -6.377327122879082252e-03 4.444137800056254125e-04 9.999795705908345322e-01 5.998214255631816982e+00
9.999724999825049254e-01 -7.056364288169290596e-04 7.383557143825759256e-03 3.373563896192421918e-03 7.139522257052399908e-04 9.999991216740488076e-01 -1.123702688422824249e-03 -1.615171282175438816e-01 -7.382755866487076928e-03 1.128948255612293545e-03 9.999721155952523421e-01 7.187086393554217523e+00
9.999668911386154768e-01 -5.052145318955779613e-04 8.122821849536695019e-03 1.348287146712245400e-02 5.185314510690454230e-04 9.999985347708039152e-01 -1.637416651565482169e-03 -1.867805501055913586e-01 -8.121979394223953486e-03 1.641578882893504274e-03 9.999656748367035108e-01 8.381030555161586904e+00
9.999657695950154856e-01 -6.378866073964091542e-04 8.250591607010164183e-03 1.930330611511384131e-02 6.400388210741567987e-04 9.999997744948317946e-01 -2.583026238860550898e-04 -2.153851720932046798e-01 -8.250419960879596532e-03 2.635792882492267930e-04 9.999659387521210308e-01 9.594289183824034950e+00
9.999726884076216571e-01 -1.546344739545167570e-03 7.228510111943239891e-03 2.128073054150583787e-02 1.541484040454457142e-03 9.999985961505685195e-01 6.776963510925783883e-04 -2.352235218732821043e-01 -7.229543302170565212e-03 -6.665304928619341296e-04 9.999736545993644921e-01 1.078768145904136588e+01
9.999824479065598792e-01 -3.127505291843872028e-03 5.034323515389659172e-03 2.413970555995797324e-02 3.126147534651489875e-03 9.999950898889123918e-01 2.771790146873115445e-04 -2.624979986596528980e-01 -5.035161878355349195e-03 -2.614308361050219102e-04 9.999872997555249166e-01 1.198265946442521468e+01
9.999915786351369906e-01 -2.854600391109356813e-03 2.952878520535177388e-03 2.365838689007630780e-02 2.856039667294924499e-03 9.999958214336486240e-01 -4.837076413276846930e-04 -2.912274923234861590e-01 -2.951480045121114559e-03 4.921412971574653855e-04 9.999955344710025340e-01 1.317296925210058234e+01
9.999953990655539027e-01 -2.579717071698582435e-03 1.607037319140745477e-03 1.854545305418112827e-02 2.580407412968188565e-03 9.999966008174612231e-01 -4.284918108561470117e-04 -3.193054240542692601e-01 -1.605922461496370928e-03 4.326394679797445990e-04 9.999986283707963386e-01 1.436577244473705761e+01
9.999995867314939169e-01 -7.831394542634983157e-04 5.047464298015699128e-04 1.107857472619861762e-02 7.834111238269705121e-04 9.999995718434039338e-01 -5.405678128352479385e-04 -3.437461719011331018e-01 -5.043191716508441808e-04 5.409658583250490788e-04 9.999997379710157119e-01 1.555180662235976818e+01
9.999991454107574063e-01 -1.275315248664111610e-03 3.633909680666306576e-04 9.892863054430796679e-03 1.275554899045677672e-03 9.999989929820817247e-01 -6.658628717152608768e-04 -3.709515501155994932e-01 -3.625395713507227483e-04 6.663255776954834109e-04 9.999997248306732311e-01 1.675243870173608585e+01
9.999984362770515389e-01 -1.768320547932390524e-03 2.476739081655616450e-04 7.379832798564333815e-03 1.768430260029511467e-03 9.999983684993892785e-01 -4.507929087020828623e-04 -4.029275878738683980e-01 -2.468732054376600402e-04 4.512276197565923000e-04 9.999998806763903403e-01 1.796544867425974701e+01
9.999975294773485457e-01 -2.155684458036007719e-03 -5.978000890603951288e-04 1.630760715273403202e-03 2.155601836883706043e-03 9.999977029079062385e-01 -1.362327694708422878e-04 -4.270246999566854607e-01 5.980969397075072301e-04 1.349408329858869514e-04 9.999998255734167119e-01 1.915488305932294111e+01
9.999971229324901012e-01 -2.234707380400023386e-03 -9.081689156347401166e-04 -2.932197553643968446e-03 2.233728771834175494e-03 9.999969672050789127e-01 -1.073223206324482341e-03 -4.539072504319406898e-01 9.105681354251898884e-04 1.071188092758260752e-03 9.999990279419509465e-01 2.035115913253115494e+01
9.999963450112081542e-01 -2.062714263905623697e-03 -1.766475228683531953e-03 -1.342075528038119171e-02 2.059083138684743991e-03 9.999958130002848389e-01 -2.052980331131659675e-03 -4.833956703840266989e-01 1.770707666345992110e-03 2.049331955808879682e-03 9.999963506957602055e-01 2.154305863550366595e+01
9.999945018048933543e-01 -2.039449662089816168e-03 -2.627250973546063888e-03 -2.178639265744107545e-02 2.035160714747944258e-03 9.999966386929898254e-01 -1.632562143861754919e-03 -5.089851011745822884e-01 2.630576356061921188e-03 1.627202720131956789e-03 9.999952364211234235e-01 2.274016226720025458e+01
9.999928521056176134e-01 -2.220653990288228973e-03 -3.071396656168311201e-03 -2.933687866617332857e-02 2.215094801311872676e-03 9.999959499630365345e-01 -1.811041891699616269e-03 -5.349661966564360771e-01 3.075410972603577747e-03 1.804220174336411669e-03 9.999936646257239214e-01 2.394682000233648722e+01
9.999900257914895452e-01 -1.875997811643043047e-03 -4.062056461681801817e-03 -3.997256601479085708e-02 1.865941970321779823e-03 9.999952361732920014e-01 -2.477172515123787951e-03 -5.667452210112378097e-01 4.066691140983448756e-03 2.469562330440709750e-03 9.999887038962373964e-01 2.513160072703852776e+01
9.999884461210003517e-01 -1.167488584040039150e-03 -4.671053774136294662e-03 -4.827683099800441496e-02 1.158676445365118025e-03 9.999975932883938823e-01 -1.888147173582116955e-03 -5.943117139562154039e-01 4.673252165552743524e-03 1.882707132507884613e-03 9.999873307757511931e-01 2.633635643181362695e+01
9.999801392775117259e-01 -2.813142204601411147e-03 -5.647248323713001394e-03 -6.136701895348154606e-02 2.812136812632374389e-03 9.999960812151132972e-01 -1.854169950713248599e-04 -6.181244303789901196e-01 5.647755549755884875e-03 1.695261429200873074e-04 9.999840601612750568e-01 2.753161049022367735e+01
9.999740700766023282e-01 -3.343363014241239935e-03 -6.385657572300838976e-03 -7.224489988337091939e-02 3.343520644472995802e-03 9.999944685722127469e-01 1.450449769443400539e-05 -6.472958685800745959e-01 6.385579870360254956e-03 -3.586118109362685069e-05 9.999796346649334478e-01 2.872637650647826035e+01
9.999674149000646883e-01 -4.089845290353154653e-03 -6.966959486897670618e-03 -8.039867355867609533e-02 4.082591170897822801e-03 9.999911700796648706e-01 -1.054654739679092420e-03 -6.728622136508249918e-01 6.971216007958137319e-03 1.026170525786712423e-03 9.999751990271182889e-01 2.993030305046919537e+01
9.999584543038287920e-01 -4.328542665464661134e-03 -8.028322250933856222e-03 -9.643677447083251475e-02 4.313502607995532701e-03 9.999889763900690065e-01 -1.889576979677902837e-03 -7.004434633091531914e-01 8.036421905486377040e-03 1.854860037361863445e-03 9.999660151911313744e-01 3.110829254512627529e+01
9.999577134377918286e-01 -3.766630363015078913e-03 -8.395956055607736723e-03 -1.086966288847705242e-01 3.748737383142545284e-03 9.999907401755445679e-01 -2.145695777922897955e-03 -7.278980979270190943e-01 8.403970402262886386e-03 2.114123210471209342e-03 9.999624793652285293e-01 3.231747579441903895e+01
9.999483671310560595e-01 -4.303867077811898700e-03 -9.211445192526165546e-03 -1.236934440089418191e-01 4.288311622000692651e-03 9.999894195201830538e-01 -1.707664048446833581e-03 -7.545423788211661487e-01 9.218710416137528701e-03 1.668066616930202837e-03 9.999561460812992353e-01 3.350147020456465441e+01
9.999382966756491520e-01 -4.933007701396556824e-03 -9.959404684251662102e-03 -1.399575111841074859e-01 4.917230315269555119e-03 9.999866961708360202e-01 -1.607838267327497267e-03 -7.839767089461744387e-01 9.967220349642034669e-03 1.558760432679752233e-03 9.999491427409700206e-01 3.471026200846144150e+01
9.999342909884392228e-01 -5.681315590732656517e-03 -9.963208052538913631e-03 -1.520149960285082646e-01 5.663891988478888043e-03 9.999824652179295503e-01 -1.775845804681442210e-03 -8.160970152111886033e-01 9.973136816860565801e-03 1.719290226747054564e-03 9.999488217403724732e-01 3.591660904177295777e+01
9.999278524356727260e-01 -5.381729466879138675e-03 -1.074525979295731966e-02 -1.713228289214031863e-01 5.364733283998284093e-03 9.999843986051810685e-01 -1.609660057521072061e-03 -8.385851696197691441e-01 1.075376794615631564e-02 1.551889882042249008e-03 9.999410052130913718e-01 3.710362602274339849e+01
9.999204505939026655e-01 -6.712383979154294689e-03 -1.068545251866022568e-02 -1.886901873512063788e-01 6.703018536399454191e-03 9.999772077661130965e-01 -9.117813908486695814e-04 -8.667032113311053942e-01 1.069134405516003125e-02 8.400741769204302448e-04 9.999425263057557522e-01 3.831046654163194631e+01
9.999219591405754670e-01 -6.204095192059842605e-03 -1.085055170416182602e-02 -2.070554355889831777e-01 6.205200620194889494e-03 9.999808382572304977e-01 6.845456614921787135e-05 -8.929155034499819399e-01 1.084993103910230836e-02 -1.357885291892429579e-04 9.999411623487542977e-01 3.950016425294035827e+01
9.999206503470694507e-01 -6.564075816373601477e-03 -1.075901898515392238e-02 -2.207464555068688050e-01 6.574794195909072943e-03 9.999780181731899864e-01 9.612692702402821391e-04 -9.156991907521221385e-01 1.075248456505195974e-02 -1.031940657941362270e-03 9.999416934457018291e-01 4.070337185392131829e+01
9.999319631293394073e-01 -5.569914938499815650e-03 -1.025664626452998419e-02 -2.336906016784588147e-01 5.572163807656074601e-03 9.999845531995770198e-01 1.908058633685836029e-04 -9.488559337576619734e-01 1.025543785627306380e-02 -2.479540985937094683e-04 9.999474165538294601e-01 4.191666404139862578e+01
9.999366797100954773e-01 -4.487836293644845674e-03 -1.032747306542514121e-02 -2.550249838743354203e-01 4.489820650466571500e-03 9.999900060541477842e-01 1.690673388642847626e-04 -9.752012619813691385e-01 1.032662444766205452e-02 -2.154344889885113825e-04 9.999466915077299678e-01 4.310267407232721126e+01
9.999541219370750023e-01 -1.460389413495474494e-03 -9.475549547176722112e-03 -2.721285319405263858e-01 1.477298250009685416e-03 9.999974301202512184e-01 1.777800173703474951e-03 -9.945228430207764259e-01 9.472942273303371075e-03 -1.791726026872729298e-03 9.999535612026242415e-01 4.430546640174969752e+01
9.999659253698494066e-01 -1.871574644729070893e-03 -8.050583024090859560e-03 -2.860371093704179857e-01 1.910286253583214295e-03 9.999867407624580817e-01 4.803615588205883968e-03 -1.017687953483067620e+00 8.041500760433884301e-03 -4.818839952248953409e-03 9.999560917063422538e-01 4.549680579230186339e+01
9.999808814887471975e-01 -5.098703837114332282e-04 -6.176517985163255085e-03 -3.022131744692795885e-01 5.563675707529762340e-04 9.999716161961642591e-01 7.528002458555046149e-03 -1.037866071731851303e+00 6.172516345332350676e-03 -7.531300760354174909e-03 9.999526295156151434e-01 4.670362192391489486e+01
9.999908798933747622e-01 -9.524229985605114825e-04 -4.184655278343210258e-03 -3.069374598567937706e-01 9.967626385957496261e-04 9.999433736255781691e-01 1.060544682896071185e-02 -1.050939924470216669e+00 4.174331445973925199e-03 -1.060952712595202539e-02 9.999350454830246981e-01 4.791510287356798159e+01
9.999924337958728815e-01 -2.317142625471093655e-03 -3.153806561727849449e-03 -3.194367409727476570e-01 2.355034826173094554e-03 9.999245760331489929e-01 1.206319192026809178e-02 -1.067014991069491936e+00 3.125630237024269904e-03 -1.207053374079819497e-02 9.999223044972614938e-01 4.912327312953649994e+01
9.999932023794226854e-01 -3.334338893744014185e-03 -1.631690775536188747e-03 -3.227352637021829174e-01 3.351344572513002308e-03 9.999390524516842405e-01 1.053031597408284233e-02 -1.078581982017935426e+00 1.596492268508606545e-03 -1.053571899643923268e-02 9.999432652235613617e-01 5.031954200236748420e+01
9.999970787566747621e-01 -2.455459579071756371e-03 -2.157069594141907844e-05 -3.235136382217844719e-01 2.455558949328175578e-03 9.999594328839106483e-01 8.679937685530667371e-03 -1.095970755877090363e+00 2.736301993636204211e-07 -8.679972291029822845e-03 9.999623746573130800e-01 5.153118936488558433e+01
9.999980049652102965e-01 -2.009196364239985814e-03 3.786397554987746021e-04 -3.318289972989361125e-01 2.006090327418974181e-03 9.999657291932538827e-01 8.047218321160069104e-03 -1.099204938091240980e+00 -3.947765028713977917e-04 -8.046451143905602316e-03 9.999675963990313221e-01 5.272362259973724008e+01
9.999956299691413752e-01 -2.885503018399621002e-03 7.804054806357621672e-04 -3.298236109454734111e-01 2.879397488963420220e-03 9.999661559175526682e-01 7.722886643667547200e-03 -1.121844485354521526e+00 -8.026466719986959054e-04 -7.720612613107505698e-03 9.999699218844971815e-01 5.393812001436831594e+01
9.999944172662741382e-01 -3.366006099323903648e-03 -1.795870295711161316e-04 -3.390010496432178666e-01 3.367126379431257047e-03 9.999726644484463467e-01 6.601632956576574535e-03 -1.138504101498557075e+00 1.573769297318832296e-04 -6.602207319550960039e-03 9.999782427319203748e-01 5.513980347786952763e+01
9.999955383872990433e-01 -2.417890694927728439e-03 -1.811499438789693217e-03 -3.481549534702127469e-01 2.429793979562210396e-03 9.999754350116197843e-01 6.593880470612995502e-03 -1.154058600501133736e+00 1.795525829912092679e-03 -6.598262844182111071e-03 9.999766708491744094e-01 5.634369816162691791e+01
9.999900180205303357e-01 -3.392285961771579570e-03 -2.943307229188794720e-03 -3.480676344661337018e-01 3.415811798058616521e-03 9.999621111475995860e-01 8.022786679010494165e-03 -1.170477183015161682e+00 2.915995039925059137e-03 -8.032769994519187856e-03 9.999635370656804190e-01 5.755264951523237471e+01
9.999873010615325519e-01 -2.807295377744852341e-03 -4.210342458297610529e-03 -3.625783417794856689e-01 2.842451472218383932e-03 9.999610963359721882e-01 8.365750478809358404e-03 -1.186198948434165068e+00 4.186707491647741197e-03 -8.377622728213083084e-03 9.999561948222945862e-01 5.875294540197158000e+01
9.999865093807653871e-01 -2.023927834994390922e-03 -4.806671908223187836e-03 -3.683024055759930304e-01 2.062097219499040620e-03 9.999664231365759104e-01 7.947924392149943035e-03 -1.207487932606800651e+00 4.790440470399866604e-03 -7.957739109394967175e-03 9.999569147421489834e-01 5.997377346696318767e+01
9.999825482215222161e-01 -1.780197867614382321e-03 -5.652815962952394309e-03 -3.874861287314575464e-01 1.823722659340838714e-03 9.999688081267411599e-01 7.702543109203384246e-03 -1.225025322238080250e+00 5.638944344033547211e-03 -7.712728369306721780e-03 9.999544112226829151e-01 6.117217759323249027e+01
9.999806639311936696e-01 -2.481803885065812180e-03 -5.721371773908304897e-03 -3.937109895196610476e-01 2.522125421356679643e-03 9.999721056216130943e-01 7.049865953370388488e-03 -1.240640487217089749e+00 5.703732017634974630e-03 -7.064170905632202735e-03 9.999588360939467568e-01 6.237192960528111740e+01
9.999779624105096243e-01 -3.727013173146183529e-03 -5.514891268238735107e-03 -3.963240666689271108e-01 3.761622579231665726e-03 9.999733629999455475e-01 6.277365297096433421e-03 -1.264823692846147374e+00 5.491363903724177063e-03 -6.297984792239964998e-03 9.999651442177212024e-01 6.358004431364401654e+01
9.999732160934705627e-01 -3.807830765088077423e-03 -6.268860411970757218e-03 -4.156553876473702003e-01 3.852434592505314843e-03 9.999673951037114650e-01 7.117579955476943838e-03 -1.280539979358272795e+00 6.241571462393420873e-03 -7.141552101754543823e-03 9.999550790747208096e-01 6.478079645436153555e+01
9.999674726015864712e-01 -5.052771891538468223e-03 -6.305325796227989436e-03 -4.199763384688210976e-01 5.108978020402356150e-03 9.999472311271964120e-01 8.929113017145069026e-03 -1.289496684959715145e+00 6.259895384339649212e-03 -8.961048523710112707e-03 9.999403147163589134e-01 6.598406313039268412e+01
9.999690415365158902e-01 -4.002583307294485526e-03 -6.792095914359947730e-03 -4.390843788629663624e-01 4.053998254196315536e-03 9.999632628352943531e-01 7.572148255409583140e-03 -1.314523042689573096e+00 6.761557993765722127e-03 -7.599461403410932327e-03 9.999483233856472086e-01 6.717668268302070089e+01
9.999767455772512470e-01 -1.610133977476539083e-03 -6.645140039881721090e-03 -4.525655593422449052e-01 1.650488125524424924e-03 9.999803625580993005e-01 6.070808494981322877e-03 -1.333657264774452678e+00 6.635255416158977564e-03 -6.081647841743665142e-03 9.999595527185070054e-01 6.836783135531338473e+01
9.999793650299020342e-01 2.143473607200200833e-04 -6.439819150303719396e-03 -4.645045658754576312e-01 -1.746850482016780535e-04 9.999811797069533270e-01 6.157882365412390389e-03 -1.352985986028522047e+00 6.441038500177212640e-03 -6.156642261532451442e-03 9.999603637616858443e-01 6.957301773824103464e+01
9.999772388452630167e-01 1.614400644450558666e-03 -6.570299477860987690e-03 -4.830965660433932940e-01 -1.571668184530519144e-03 9.999777790790193022e-01 6.502894821569795217e-03 -1.373364598315212071e+00 6.580669975618377680e-03 -6.492432169747984136e-03 9.999573313162384292e-01 7.075892221150949979e+01
9.999785297163094056e-01 3.299941408440104900e-03 -5.683798192410082113e-03 -4.938682427220886240e-01 -3.261474611309825127e-03 9.999719726877244197e-01 6.762692968882827102e-03 -1.386246571535227901e+00 5.705973944066107875e-03 -6.744020931958394013e-03 9.999610403391760993e-01 7.194665671176804267e+01
9.999812332472511889e-01 3.510203730145843460e-03 -5.046940082187792789e-03 -5.106347377893016848e-01 -3.471129043982848494e-03 9.999642675931614821e-01 7.728988636059550520e-03 -1.409275759454396981e+00 5.073909805187295022e-03 -7.711335851610886562e-03 9.999574556581984908e-01 7.312806595955889577e+01
9.999849711449936285e-01 4.639376460532382805e-03 -2.965910664594840519e-03 -5.206317367601887014e-01 -4.614429042355134777e-03 9.999545591763696617e-01 8.361189025781694262e-03 -1.414670910074995014e+00 3.004587241043821157e-03 -8.347388231017532217e-03 9.999607086995878635e-01 7.430916307274495125e+01
9.999948038516165427e-01 3.264709098342901718e-03 2.231825827196714918e-05 -5.196643456472668232e-01 -3.264778399621926126e-03 9.999731820349863076e-01 6.580460683010460471e-03 -1.429744192792845148e+00 -8.133768993868347282e-07 -6.580511750427221924e-03 9.999784112981566775e-01 7.549126313221788109e+01
9.999962139601258349e-01 1.571741712911809211e-03 2.317007096552212674e-03 -5.234353201202861516e-01 -1.575375415746956779e-03 9.999976899333010705e-01 1.570127693785471502e-03 -1.474805019291407726e+00 -2.314512490720870095e-03 -1.573785747859687226e-03 9.999961465944150474e-01 7.667955545906096404e+01
9.999820334704692115e-01 2.987712736660816555e-03 5.223294168935771475e-03 -5.165831200443461446e-01 -2.989580014641676688e-03 9.999956373443045221e-01 3.508799651335777793e-04 -1.494754026947468839e+00 -5.222199053990642971e-03 -3.664997444314449298e-04 9.999863614441506510e-01 7.785459071632821804e+01
9.999702327875477081e-01 1.427364268355375875e-03 7.601378991191615545e-03 -5.162501671523838098e-01 -1.457846349571452569e-03 9.999910835241898610e-01 4.006839298000539062e-03 -1.509463567711476717e+00 -7.595561724358098482e-03 -4.017811439607980699e-03 9.999631477793839984e-01 7.903376425920531290e+01
9.999409452628471584e-01 1.766098003475493456e-04 1.087939591026463627e-02 -5.098162918112557618e-01 -2.381887114003985138e-04 9.999841301990184395e-01 5.659670418030987755e-03 -1.530674442233464161e+00 -1.087819134590341068e-02 -5.661937205157773281e-03 9.999248672914726743e-01 8.021210296675155860e+01
9.998817155472973228e-01 2.425707965046524500e-03 1.519755674559517857e-02 -4.948903770976408323e-01 -2.478029715074868324e-03 9.999912423958224883e-01 3.425268676075812497e-03 -1.552440809967051027e+00 -1.518907843643706353e-02 -3.462531914312486862e-03 9.998787110126301503e-01 8.138923742596838906e+01
9.998293481906398439e-01 8.808467620220247069e-04 1.846060543946073662e-02 -4.804423558720716247e-01 -8.934743875769381042e-04 9.999995545758564308e-01 6.760929472054039461e-04 -1.576420125993039489e+00 -1.845996530981847128e-02 -6.924809321512192606e-04 9.998294305911479274e-01 8.254313403169821584e+01
9.997587048179006342e-01 2.624590887446847666e-04 2.197180133220363873e-02 -4.578442630927237467e-01 -2.017143471646985731e-04 9.999963387958342720e-01 -2.766597537653157218e-03 -1.604675357062607111e+00 -2.197240625569593306e-02 2.761487712380608466e-03 9.997548369906529286e-01 8.371524074591549436e+01
9.996853808955866727e-01 -4.219909140713239929e-05 2.508854736867884710e-02 -4.379290894081361851e-01 1.362987699625051055e-04 9.999931514399565957e-01 -3.748773853682497905e-03 -1.637985988624637734e+00 -2.508817451205633264e-02 3.751003074919466180e-03 9.996782792947593865e-01 8.486451049325366114e+01
9.995813857820829984e-01 -1.713167971996910075e-03 2.888628235042539627e-02 -4.022209287089530405e-01 1.780302310806220270e-03 9.999959624212327869e-01 -2.298332808725161210e-03 -1.663845543758720513e+00 -2.888218307553504921e-02 2.348786372928374222e-03 9.995801378270696702e-01 8.602864339252616332e+01
9.994672971817731844e-01 -1.023573741899679555e-03 3.262478983114187880e-02 -3.687926229164270042e-01 1.081879613844065422e-03 9.999980404453002736e-01 -1.769384025807152570e-03 -1.689820339398568683e+00 -3.262287046872817953e-02 1.803727084420341355e-03 9.994661804429786356e-01 8.721037836651106545e+01
9.993431348549890458e-01 -6.735221406273738613e-04 3.623742578013248311e-02 -3.322030151091168171e-01 8.143133564037185980e-04 9.999923715175990102e-01 -3.870474395066006868e-03 -1.722855399380764263e+00 -3.623449436200577856e-02 3.897430059071494562e-03 9.993357915414408099e-01 8.834633199099266676e+01
9.991939059696341996e-01 -4.537873761782906497e-04 4.014523631632486989e-02 -2.817811518830308781e-01 7.066143803366438467e-04 9.999802028628814732e-01 -6.283723181889537893e-03 -1.758264091561622333e+00 -4.014153842859035509e-02 6.307014316960849604e-03 9.991741758188603661e-01 8.948948266079023028e+01
9.990635967304978271e-01 -5.008113616451649727e-04 4.326646739583927398e-02 -2.376038625159992979e-01 7.798085330033420904e-04 9.999792127149204068e-01 -6.431616627481069083e-03 -1.788823229329253861e+00 -4.326229612051685908e-02 6.459322558057922770e-03 9.990429493661862059e-01 9.062715878074520504e+01
9.989285459339007911e-01 -2.191368533237124123e-03 4.623065877928800305e-02 -1.878054508064532779e-01 2.444048800134594312e-03 9.999825853261666841e-01 -5.409748833263048652e-03 -1.820331268788365708e+00 -4.621794215388513177e-02 5.516932227021569511e-03 9.989162286206298980e-01 9.177183595058625087e+01
9.987843051396997351e-01 -2.888896055476958269e-03 4.921262094497433348e-02 -1.306007190673401652e-01 3.093212507065650017e-03 9.999871145779006820e-01 -4.075991862866908295e-03 -1.849876297671029013e+00 -4.920015365963818776e-02 4.223251879924004235e-03 9.987800943714401081e-01 9.294525326694460432e+01
9.986571443858676123e-01 -3.596036084485883938e-03 5.168454960534162035e-02 -7.497865843174980616e-02 3.729602743960433453e-03 9.999901564894473349e-01 -2.487993601380442382e-03 -1.877534337759386940e+00 -5.167503430997792691e-02 2.677405972475298528e-03 9.986604488816114289e-01 9.408892412103939762e+01
9.985154839530399062e-01 -5.018737974422767846e-03 5.423984716951338325e-02 -1.350046830151267925e-02 5.106307977057618873e-03 9.999860819649031285e-01 -1.475988143212865087e-03 -1.904567852215496737e+00 -5.423162246681126342e-02 1.750754811477718770e-03 9.985269336353131964e-01 9.526842578183129717e+01
9.983939931849488136e-01 -6.004260590180742797e-03 5.633564011514739789e-02 4.618574628370485102e-02 6.209713178839916352e-03 9.999749024509221318e-01 -3.472529250582308616e-03 -1.935441557421456293e+00 -5.631331473832359991e-02 3.816772529329590970e-03 9.984059401849743054e-01 9.640415377972060185e+01
9.982641651458070697e-01 -6.961192927383349528e-03 5.848520834963952253e-02 1.099604973942649860e-01 7.379568336198738532e-03 9.999488972560824918e-01 -6.940525039745498899e-03 -1.966041367678041496e+00 -5.843384277426035694e-02 7.360063870780019293e-03 9.982642413497319067e-01 9.756379472964127331e+01
9.981348584968849913e-01 -6.121854997706048344e-03 6.074248992883540116e-02 1.819042060851444875e-01 6.736115060849222347e-03 9.999283915833636627e-01 -9.912848368597177232e-03 -1.997715049206497895e+00 -6.067739091244395144e-02 1.030351768530381878e-02 9.981043393626770621e-01 9.874153454389946205e+01
9.980322571279427457e-01 -6.134754501216836339e-03 6.240438178287802118e-02 2.466821687719032707e-01 6.821923177421241463e-03 9.999185765326238373e-01 -1.080439788529713625e-02 -2.028000465272224773e+00 -6.233295496366361016e-02 1.120884291181396993e-02 9.979925585904401153e-01 9.988855237870826898e+01
9.979972193853350326e-01 -6.158648185919507294e-03 6.295993143168665540e-02 3.197216072213112104e-01 6.820202590956336852e-03 9.999239337770549074e-01 -1.029803478652613520e-02 -2.061482271706941649e+00 -6.289165879534290571e-02 1.070679547876074618e-02 9.979630212386478849e-01 1.010779731050712655e+02
9.980230251537606234e-01 -6.425625965660587864e-03 6.252269043797444026e-02 3.881118291723515967e-01 6.979206440532648506e-03 9.999385436095449275e-01 -8.639774156896809151e-03 -2.096029262921240477e+00 -6.246327082110292306e-02 9.059038735604723128e-03 9.980062483494483994e-01 1.022285418918900746e+02
9.980976426969193627e-01 -7.150058362967796378e-03 6.123978885979900616e-02 4.585465412013110531e-01 7.608443535612650910e-03 9.999449598353422619e-01 -7.255306362753609697e-03 -2.131052340859517891e+00 -6.118448023430818339e-02 7.707431957796290894e-03 9.980968198418104231e-01 1.034105158844308789e+02
9.982182677281900007e-01 -6.767553177721590853e-03 5.928602460304371186e-02 5.302298392726358944e-01 7.169221587125385563e-03 9.999529748794658834e-01 -6.565151757042708008e-03 -2.161385913108464063e+00 -5.923874537640271692e-02 6.978476693929849296e-03 9.982195558267275004e-01 1.046254246940204524e+02
9.983441282700837860e-01 -6.523092144985512611e-03 5.715587853339137298e-02 5.888712516747920400e-01 6.875974516862091296e-03 9.999587072406846966e-01 -5.979706135045303496e-03 -2.190963918369051910e+00 -5.711445239647382904e-02 6.362794182248935303e-03 9.983474672399934580e-01 1.057815648466045104e+02
9.985252965649755730e-01 -5.760097654289957764e-03 5.398522973760331439e-02 6.520260031820670488e-01 6.102765338920406075e-03 9.999624780443135963e-01 -6.184856152912054407e-03 -2.223041636335883808e+00 -5.394751946066007192e-02 6.505179593429378376e-03 9.985226923375321029e-01 1.070061383294653581e+02
9.987304892942863166e-01 -4.261554363537205410e-03 5.019569305387691638e-02 7.049381841124441328e-01 4.596265336599297466e-03 9.999681838567392456e-01 -6.554691814359652272e-03 -2.251167106180749222e+00 -5.016610380075522263e-02 6.777064878488748070e-03 9.987180061832934275e-01 1.081925389714479024e+02
9.989153678007488546e-01 -4.099567818359299738e-03 4.638580379028557632e-02 7.528251661475194867e-01 4.399500801311583692e-03 9.999702888747837859e-01 -6.365918023963720689e-03 -2.283982042034769844e+00 -4.635827089811830198e-02 6.563070489889794371e-03 9.989034294563522431e-01 1.093960610844204382e+02
9.990893776714647734e-01 -3.420990814600773176e-03 4.253323393590142942e-02 8.037950047010830046e-01 3.655402536853408820e-03 9.999787798624746316e-01 -5.434851924827218371e-03 -2.313070538663007714e+00 -4.251368341604289808e-02 5.585361568978070880e-03 9.990803860860570929e-01 1.106181064889733960e+02
9.992631737392659863e-01 -3.210794523955188585e-03 3.825143238339911295e-02 8.425932353846365963e-01 3.389850345375953772e-03 9.999838258182148776e-01 -4.617321420770618620e-03 -2.345415437284381621e+00 -3.823593354673312378e-02 4.743571798340873689e-03 9.992575980721132289e-01 1.118204215031835673e+02
9.994166993015706213e-01 -3.082369493117200886e-03 3.401671921014766398e-02 8.854586936015860221e-01 3.225742135849891858e-03 9.999863724384037145e-01 -4.160948224021818707e-03 -2.374773020105414023e+00 -3.400337710616039427e-02 4.268238514970029880e-03 9.994127236006409287e-01 1.130406442882519258e+02
9.995750664772352634e-01 -2.704620496540672322e-03 2.903026197331621053e-02 9.133443322059257019e-01 2.824552136556839326e-03 9.999878752714134178e-01 -4.091198782800774605e-03 -2.406512237468544146e+00 -2.901879439495997498e-02 4.171446784398662871e-03 9.995702868001328234e-01 1.142485870103680412e+02
9.997065351659814025e-01 -1.849388584200615171e-03 2.416214755950914922e-02 9.358766320177258624e-01 1.954939676097462026e-03 9.999888808562193976e-01 -4.345695097037576872e-03 -2.434322138678805647e+00 -2.415379272281897513e-02 4.391643561586295458e-03 9.996987343141796600e-01 1.154648419600190579e+02
9.998125083361101284e-01 -1.150786127551831940e-03 1.933944587330558434e-02 9.562473677201509537e-01 1.242126861504524483e-03 9.999883658078131399e-01 -4.711683889464392261e-03 -2.464824378457757703e+00 -1.933374879508696978e-02 4.734808598241315933e-03 9.998020033893860736e-01 1.166970018307868884e+02
9.998935185532096259e-01 -3.159891463977875826e-04 1.460288417858712252e-02 9.620603934731190021e-01 3.928795627784538338e-04 9.999863141458947835e-01 -5.262817561590213931e-03 -2.496795893808292810e+00 -1.460097087739989190e-02 5.267979725197887743e-03 9.998796536710665706e-01 1.179138490765636078e+02
9.999371189153627437e-01 1.340789179578927032e-03 1.115156956489800170e-02 9.662008745481847072e-01 -1.278988663255864293e-03 9.999840388461271878e-01 -5.547125581612268735e-03 -2.527722490470374783e+00 -1.115877900946525732e-02 5.532500690614161436e-03 9.999225648580298831e-01 1.191504260749406825e+02
9.999525390294616844e-01 3.996055729159976415e-03 8.907938629336064826e-03 9.650990561031645987e-01 -3.947682683255820078e-03 9.999776474170329887e-01 -5.441242516539344064e-03 -2.553139519765987853e+00 -8.929434173885553508e-03 5.405806739388861748e-03 9.999456515401003998e-01 1.203706233838826591e+02
9.999566648710760397e-01 4.970147310369820402e-03 7.897934814862719519e-03 9.691386904813666936e-01 -4.925515380855003018e-03 9.999720918120946767e-01 -5.660536493217722606e-03 -2.591718545730853140e+00 -7.925799701581000625e-03 5.621377675361837953e-03 9.999529271951814735e-01 1.216054220757280575e+02
9.999488022086039374e-01 7.041639229966091887e-03 7.295663758657173516e-03 9.712152358955500331e-01 -7.000564733173805440e-03 9.999598333162273978e-01 -5.640426268039984772e-03 -2.625580339132603580e+00 -7.335039588862225270e-03 5.589055089723056133e-03 9.999576182283075321e-01 1.228626493368295627e+02
9.999462254056907806e-01 8.468477939371861843e-03 6.020932982478644988e-03 9.717119147163443271e-01 -8.439721757770416583e-03 9.999531802744897613e-01 -4.785397080052746811e-03 -2.652815273594276935e+00 -6.061127471129721528e-03 4.734316180909855371e-03 9.999705648698569149e-01 1.241033690773431459e+02
9.999435758729329216e-01 8.947945268788752224e-03 5.762573324192638013e-03 9.753841118062589466e-01 -8.923676553514383811e-03 9.999515124187842163e-01 -4.223209748902854131e-03 -2.692002542672502052e+00 -5.800033765954359412e-03 4.171536141668828572e-03 9.999746217879117438e-01 1.253456970283669847e+02
9.999171621117137754e-01 1.205666077375087096e-02 4.553594540468573759e-03 9.662156587342796144e-01 -1.204628272245692605e-02 9.999250459289056314e-01 -2.299241104334625620e-03 -2.717338868023695397e+00 -4.580926797539558622e-03 2.244185952811937525e-03 9.999871329369913742e-01 1.265907163057807168e+02
9.999033740116309854e-01 1.331284106640625436e-02 4.054799704573478110e-03 9.629457331565222100e-01 -1.331476747485627055e-02 9.999115052983954532e-01 4.492719111854258330e-04 -2.731715916800645072e+00 -4.048410296481654014e-03 -5.032273966826804898e-04 9.999918251149908510e-01 1.278370366155587874e+02
9.999295031283891300e-01 1.130557420609989636e-02 3.689144936306002452e-03 9.637391907423108472e-01 -1.130846447165250943e-02 9.999360200607765314e-01 7.643815661609167176e-04 -2.764705619351893073e+00 -3.680218198448097656e-03 -8.060563189802952841e-04 9.999930497117035522e-01 1.290967584108423409e+02
9.999280989892536109e-01 1.167751055769099267e-02 2.805304602493400006e-03 9.610840234500281909e-01 -1.167377201004893283e-02 9.999312116833416475e-01 -1.344336974533534177e-03 -2.794573505929349722e+00 -2.820761614226638923e-03 1.311481036341596374e-03 9.999953094460333203e-01 1.303599707470546889e+02
9.999549218709249399e-01 9.185309347315690973e-03 2.495498528924491085e-03 9.644177780286770085e-01 -9.184001131399870815e-03 9.999579427324220005e-01 -5.340793684233837270e-04 -2.815335843285571293e+00 -2.500250913515945483e-03 5.111263194584050266e-04 9.999968915687275084e-01 1.316224528086333976e+02
9.999808453039094047e-01 6.122083072155504180e-03 1.130489712271738265e-03 9.671100270693224754e-01 -6.123642666735873430e-03 9.999805559468269989e-01 1.383263336287511537e-03 -2.845789826480871643e+00 -1.121949513603163811e-03 -1.390168366923381221e-03 9.999985526391569346e-01 1.328729747818827605e+02
9.999938666828890321e-01 3.457983586475848331e-03 8.752538390272286521e-04 9.693069319107420201e-01 -3.460715586582482298e-03 9.999893431283211065e-01 3.141788765631089303e-03 -2.864382034579764813e+00 -8.643280081117044869e-04 -3.144806964872807076e-03 9.999948303132104588e-01 1.341379152594751929e+02
9.999990725688784332e-01 1.063149496749591543e-03 1.089152757557230837e-03 9.710973584501577660e-01 -1.067830154599474579e-03 9.999904195815308983e-01 4.307842049008313995e-03 -2.884128318418804682e+00 -1.084510023306930289e-03 -4.309011248060622135e-03 9.999902775049758219e-01 1.354004948452627843e+02
9.999969999340848625e-01 -2.436226627152998474e-03 7.268918099017827004e-04 9.737678074138211848e-01 2.434367665631052228e-03 9.999940557654546369e-01 2.549995913889214951e-03 -2.916160715513452573e+00 -7.330492214867455510e-04 -2.548229627944083395e-03 9.999966347110067488e-01 1.366683366643701447e+02
9.999897587511502595e-01 -4.399829599659075934e-03 1.260610771853387961e-03 9.765658043552450929e-01 4.398146432134700766e-03 9.999897083841550183e-01 1.335289181354066884e-03 -2.934153148082896845e+00 -1.266420412455282040e-03 -1.329741758991225941e-03 9.999984655996895233e-01 1.379355451597118645e+02
9.999805052153987184e-01 -6.223234764616034781e-03 8.554283972917694524e-04 9.748010384369637515e-01 6.221996071051289455e-03 9.999798757785822723e-01 1.443547800717561369e-03 -2.963051523159297762e+00 -8.643426814243412555e-04 -1.438209498747805397e-03 9.999987441195266058e-01 1.392066574327224373e+02
9.999818340670708627e-01 -5.961671449034150125e-03 1.124885897468217311e-03 9.733103670377221128e-01 5.960009049983986187e-03 9.999814265948355763e-01 1.475757458937507855e-03 -2.983546495536267162e+00 -1.133610778089385847e-03 -1.469038090137431574e-03 9.999984303518317796e-01 1.404758401879851135e+02
9.999824256356755203e-01 -5.499903536152847376e-03 2.320076788797404907e-03 9.781401192471613770e-01 5.492690567074105280e-03 9.999803774319561134e-01 3.104297852754586782e-03 -3.012377403463173842e+00 -2.337054254108628104e-03 -3.091509444757325250e-03 9.999926428322806204e-01 1.417581266678425607e+02
9.999928159297918340e-01 -3.094153556804155394e-03 2.298793116980976485e-03 9.654522580493059003e-01 3.084109206450132406e-03 9.999860211760857043e-01 4.360501803122293629e-03 -3.032516516858884348e+00 -2.312203692181324065e-03 -4.353391221117356921e-03 9.999880035309856030e-01 1.430530549961198972e+02
9.999908452528175618e-01 -3.060449076276955914e-03 3.071438805854216809e-03 9.649956269701904787e-01 3.050667126414408417e-03 9.999905616988505885e-01 3.184437080294438664e-03 -3.064101824475212954e+00 -3.081105218414166309e-03 -3.175048693521353386e-03 9.999903669086219749e-01 1.443226769943859722e+02
9.999896118849223026e-01 -1.702161184078406376e-03 4.286713637684517325e-03 9.670140059810238276e-01 1.698425668445479242e-03 9.999984660910117285e-01 8.744588287447421521e-04 -3.086109541886785212e+00 -4.288139101230907177e-03 -8.671785957445338070e-04 9.999905868461529401e-01 1.455955828345520331e+02
9.999897165788662612e-01 -2.252424961594160033e-03 3.999204788058967168e-03 9.607812138057080231e-01 2.257108782812856929e-03 9.999970647780408450e-01 -1.167275452472113333e-03 -3.113704405398015407e+00 -3.996510108112494644e-03 1.176280849157254312e-03 9.999914805418226305e-01 1.468676502704121276e+02
9.999822860282518988e-01 -3.173005581895825804e-03 5.085408506962475067e-03 9.704190834116692699e-01 3.199778656248026317e-03 9.999813123270421267e-01 -5.265547883435685479e-03 -3.152816589076290921e+00 -5.068552987383742950e-03 5.281715237836660283e-03 9.999733657834571909e-01 1.481355494868162737e+02
9.999833345880190238e-01 -2.865583658918618559e-03 5.061711710245517769e-03 9.681646459063548704e-01 2.910131292608124625e-03 9.999572020226696889e-01 -8.815775096569595723e-03 -3.182945387377517754e+00 -5.036180333591145503e-03 8.830345488754762218e-03 9.999484906789329886e-01 1.494007858206631170e+02
9.999807432785995376e-01 -3.489139336588132408e-03 5.181005783078880197e-03 9.694206941643126463e-01 3.539472886906469811e-03 9.999466160135422887e-01 -9.738177653284552093e-03 -3.221779221434552198e+00 -5.146697790097794038e-03 9.756315643274946978e-03 9.999393228583917104e-01 1.506765638939808127e+02
9.999759489949313629e-01 -3.847456461742202165e-03 5.814079296161871711e-03 9.786895956484435999e-01 3.902238367338000877e-03 9.999481210971253864e-01 -9.440703825852870407e-03 -3.264360263906076920e+00 -5.777399231468045154e-03 9.463151942636693903e-03 9.999386968468044756e-01 1.519413968758833562e+02
9.999832193512443457e-01 -2.898047394230367484e-03 5.066748887766029351e-03 9.758304334935171687e-01 2.944541704474234328e-03 9.999537041299181306e-01 -9.193717944765110450e-03 -3.303535281865595863e+00 -5.039818045860016034e-03 9.208468195255923444e-03 9.999450662852766847e-01 1.532146460485208195e+02
9.999811601383499227e-01 -2.635729997258981841e-03 5.589472462609514775e-03 9.838364019382940251e-01 2.681602963871899340e-03 9.999629584545343119e-01 -8.215864674329763709e-03 -3.342498325089611644e+00 -5.567557544616310271e-03 8.230684266528304899e-03 9.999507958041152778e-01 1.544728758536667499e+02
9.999865298400849589e-01 -2.226856298650576639e-03 4.742628461848364708e-03 9.785310704315726138e-01 2.263846309140614497e-03 9.999672512572419514e-01 -7.809110905967225034e-03 -3.379152280182664114e+00 -4.725031106237300403e-03 7.819727720738394589e-03 9.999584311266181968e-01 1.557361310101954359e+02
9.999893720577731626e-01 -1.819680742319402513e-03 4.296365185008007952e-03 9.797918645578066466e-01 1.854194469359932412e-03 9.999662351849742947e-01 -8.043788646796839678e-03 -3.419925459506966359e+00 -4.281531249412613704e-03 8.051653352730829549e-03 9.999585887582764787e-01 1.570024961453238177e+02
