1.000000000000000000e+00 0.000000000000000000e+00 0.000000000000000000e+00 0.000000000000000000e+00 0.000000000000000000e+00 1.000000000000000000e+00 0.000000000000000000e+00 0.000000000000000000e+00 0.000000000000000000e+00 0.000000000000000000e+00 1.000000000000000000e+00 0.000000000000000000e+00
9.999999458018722365e-01 3.285068860420370515e-04 -2.189699516547878610e-05 -6.749486045340592896e-04 -3.285077721416315754e-04 9.999999452221907115e-01 -4.047541542307661600e-05 -3.001058683618207639e-03 2.188369751332746546e-05 4.048260656248328822e-05 9.999999989411311185e-01 -2.994684722098369875e-03
9.999999829353791725e-01 1.773932493052334403e-04 5.158368461127599194e-05 -2.004887747763438310e-03 -1.773941806096703292e-04 9.999999841027468195e-01 1.805022934818085312e-05 5.851335760936691305e-04 -5.158048180240231361e-05 -1.805937968562497918e-05 9.999999985066563291e-01 -1.716372661927217762e-03
9.999999922155231591e-01 -1.040830863509290921e-04 6.881616583952417413e-05 1.980521368980338748e-03 1.040755642321247357e-04 9.999999886106764047e-01 1.093019852307200218e-04 4.326701759492513656e-03 -6.882754154372170091e-05 -1.092948222985732146e-04 9.999999916587056781e-01 -2.890480500866770761e-03
9.999999875714949971e-01 -1.551224082793753651e-04 2.817886287945723116e-05 4.519760845672445536e-03 1.551182771636158849e-04 9.999999772312320179e-01 1.465464280560571013e-04 4.330360916722810621e-03 -2.820159487270403720e-05 -1.465420551780417899e-04 9.999999888650480395e-01 -3.669972511129554991e-03
9.999999798676220131e-01 -1.970311736148130824e-04 3.799305498053483465e-05 3.527639492190023495e-03 1.970235653567316454e-04 9.999999605600877750e-01 2.001537845816708241e-04 3.865817357659688883e-03 -3.803249001717165311e-05 -2.001462950249481337e-04 9.999999792474949523e-01 -1.654323915015222957e-03
9.999999780686384954e-01 -1.808863342729190261e-04 -1.055597295823472106e-04 1.757783152898746140e-03 1.808861262173050563e-04 9.999999836381433527e-01 -1.980519063047854547e-06 -1.802234970478902316e-03 1.055600861040273088e-04 1.961424729043678312e-06 9.999999944266104723e-01 1.597117489987105905e-03
9.999999783435526979e-01 -1.479976214196378063e-04 -1.463201908190483558e-04 2.923083743109082880e-03 1.479895871701272260e-04 9.999999875415481743e-01 -5.491798891930590358e-05 -3.190658534013035043e-03 1.463283167278584982e-04 5.489633386534340941e-05 9.999999877872080001e-01 -2.831300974064105552e-04
9.999999984254096530e-01 3.580481884400417272e-08 -5.611755028331064988e-05 3.944383425698743707e-03 -3.919595696025840385e-08 9.999999981741557464e-01 -6.042919020503283590e-05 -3.254198961373163182e-03 5.611754801719252990e-05 6.042919230946270683e-05 9.999999965995667317e-01 -2.723391483994214851e-03
9.999999846362702671e-01 1.400754873891801519e-04 1.053865131520944357e-04 4.903550972366848941e-03 -1.400711965664904824e-04 9.999999893609143875e-01 -4.072138172353309137e-05 -3.832799965538227945e-03 -1.053922160982703917e-04 4.070661948290160747e-05 9.999999936177259574e-01 6.588011438999957434e-04
9.999999830654775490e-01 1.532652835220776996e-04 1.018763832950325254e-04 3.080259972093938453e-03 -1.532615621817689871e-04 9.999999875880508649e-01 -3.653480108710719184e-05 -4.728913973770030275e-03 -1.018819815471950672e-04 3.651918673475455860e-05 9.999999941432053951e-01 -2.601961458955254734e-03
9.999999886125829907e-01 5.782786940763202168e-05 -1.393943016463547186e-04 3.204785214205124917e-03 -5.781802859855160139e-05 9.999999958363633423e-01 7.059992114416367833e-05 -2.837780968040242401e-03 1.393983837089876208e-04 -7.059186083649388694e-05 9.999999877924398151e-01 -5.232836551830970934e-03
9.999999842211702017e-01 5.137248817411865104e-05 -1.700544819244656611e-04 2.753072118679924032e-03 -5.139536966398281978e-05 9.999999896271050126e-01 -1.345522418925145316e-04 1.359929531996165609e-03 1.700475678770529378e-04 1.345609797823991061e-04 9.999999764885834086e-01 -1.278519680186389514e-03
9.999999917086090928e-01 5.357174806481241193e-05 -1.171018767694330457e-04 2.767715631289127329e-05 -5.360521299582534922e-05 9.999999577247750127e-01 -2.857917586987531572e-04 3.623836290147239639e-04 1.170865614548288470e-04 2.857980336001884176e-04 9.999999523051094075e-01 4.091006437254624331e-03
9.999999835500007483e-01 9.454350787912137372e-05 1.547951014662897950e-04 -2.884896802985504986e-03 -9.452207550057957096e-05 9.999999859474932862e-01 -1.384579011454215003e-04 -1.620915904066466771e-03 -1.548081895866984851e-04 1.384432673135212286e-04 9.999999784339428377e-01 9.491911042112562147e-04
9.999999798342166235e-01 -1.876414114049482229e-04 7.157001537140231945e-05 -3.174551088727002156e-03 1.876397550676180733e-04 9.999999821277250067e-01 2.314890733668839714e-05 8.082135822737135204e-04 -7.157435778592847770e-05 -2.313547748971806774e-05 9.999999971709304658e-01 -5.048189933939029213e-03
9.999999728636059793e-01 -2.234866149687285365e-04 -6.577628848056623267e-05 -4.575109048964746267e-03 2.234958244522843973e-04 9.999999652194617727e-01 1.400381791470340297e-04 -4.763257841846513414e-04 6.574498953420757075e-05 -1.400528760727262113e-04 9.999999880313940048e-01 -5.963648680527956249e-03
9.999999804076119547e-01 7.054061627313987248e-05 -1.849562034192601511e-04 3.531629684152189433e-03 -7.051585348259170063e-05 9.999999885507963038e-01 1.338877206087516663e-04 -9.854307680217510440e-04 1.849656458239820362e-04 -1.338746756410304543e-04 9.999999739326401738e-01 -3.354579886012745704e-04
9.999999813234503598e-01 1.690193647410787189e-04 -9.373128218555601019e-05 1.077614264980523637e-02 -1.690220119596852586e-04 9.999999853171597231e-01 -2.823543518427742494e-05 -2.999214796459782721e-03 9.372650847399652675e-05 2.825127730683548501e-05 9.999999952086034982e-01 1.151890331444046719e-03
9.999999857497439137e-01 9.000205865194264702e-05 1.428290636284702472e-04 3.405045073710144532e-03 -8.999985938147885174e-05 9.999999958313668946e-01 -1.540427237543047178e-05 4.261437258085757490e-03 -1.428304494492941201e-04 1.539141756027349327e-05 9.999999896812834521e-01 -2.328195931196261944e-03
9.999999701155445342e-01 2.150073890340239318e-05 2.435295222949666947e-04 -9.660088996027412292e-03 -2.152139690375171272e-05 9.999999961707577434e-01 8.482519626761851942e-05 7.249693434405509590e-04 -2.435276975580358033e-04 -8.483043482817082437e-05 9.999999667490283572e-01 -6.014522518627523316e-03
9.999999966011507979e-01 -4.831194872957611362e-05 6.681058283575823170e-05 -5.686324922960700468e-03 4.830746971849213294e-05 9.999999965859843742e-01 6.704043200827943221e-05 -1.806055605103940899e-04 -6.681382146157985541e-05 -6.703720433021190500e-05 9.999999955209631919e-01 -5.460031812690431183e-03
9.999999924895248693e-01 -2.955943361829812429e-05 -1.189419609208502943e-04 3.601504139214323826e-03 2.956303618202720063e-05 9.999999991043690972e-01 3.028677300323658972e-05 3.777660236904635625e-03 1.189410655544660965e-04 -3.029028906126279657e-05 9.999999924677606122e-01 -1.618826049181015889e-03
9.999999772273996390e-01 1.725155065877687880e-04 -1.256327986159170283e-04 7.068099813579238264e-03 -1.725163075237642657e-04 9.999999850988088301e-01 -6.364405202343197022e-06 -1.854629805491276109e-03 1.256316987852510890e-04 6.386078763930235173e-06 9.999999920879470983e-01 1.421397461445936608e-03
9.999999804655393953e-01 1.859929305198246361e-04 6.689955630977917843e-05 4.994124317368195051e-03 -1.859937254676181549e-04 9.999999826326391172e-01 1.187668135026024033e-05 -2.165893412177775749e-03 -6.689734616914126469e-05 -1.188912401596586129e-05 9.999999976916968958e-01 -5.186830068472916486e-04
9.999999823874906602e-01 -8.016655267964773878e-05 1.697007429616889207e-04 2.474665273996076286e-03 8.017131778244453947e-05 9.999999963922380219e-01 -2.807282936667244419e-05 -3.037988955806735988e-03 -1.696984918474947262e-04 2.808643400443137380e-05 9.999999852067869011e-01 -5.519486939592983810e-03
9.999999845281970501e-01 -1.317409455121340642e-04 1.165672723280879067e-04 -3.732594505111597074e-04 1.317381563571013705e-04 9.999999910360921618e-01 2.393478280881345598e-05 2.187296061419733914e-04 -1.165704244741074783e-04 -2.391942608095113309e-05 9.999999929195986237e-01 -4.985217841185221425e-03
9.999999987800801682e-01 5.077311073780305712e-06 -4.913308994123544762e-05 -1.593951409825265439e-04 -5.073775402749134519e-06 9.999999973979389889e-01 7.196095367755239735e-05 2.093366970287002804e-03 4.913345518153513564e-05 -7.196070429950261152e-05 9.999999962037803281e-01 -9.087207320272365843e-04
9.999999823306111590e-01 8.559338922252942899e-05 -1.673694987853352760e-04 2.515688828060662439e-03 -8.560322034930217285e-05 9.999999946112747562e-01 -5.873277703970328526e-05 7.139689782334869908e-05 1.673644707459817518e-04 5.874710337001527759e-05 9.999999842689557550e-01 8.353451549561806237e-04
9.999999966706639709e-01 -7.714996389272745121e-05 -2.658110280882851971e-05 1.514454123270163322e-03 7.714932819797841348e-05 9.999999967380154287e-01 -2.391548415622694437e-05 -2.808440622178887125e-03 2.658294780086050142e-05 2.391343336237979785e-05 9.999999993607473492e-01 -7.811732755413870397e-04
9.999999788390414590e-01 -1.731190954068784768e-04 1.111381812929500995e-04 -1.891353277187899067e-03 1.731252768760972922e-04 9.999999834674462296e-01 -5.561246144988841403e-05 -2.853456669996245424e-03 -1.111285518765325886e-04 5.563170110148327565e-05 9.999999922777793593e-01 -3.495685563682474073e-03
9.999999965610860686e-01 1.169004899728656158e-07 8.293258785779370520e-05 4.038831161508821613e-04 -1.116378252233847539e-07 9.999999979865894506e-01 -6.345714072071456679e-05 -2.828907322292938294e-03 -8.293259510898719309e-05 6.345713124407718290e-05 9.999999945476886198e-01 -1.296923404472907597e-03
9.999999891444794065e-01 1.460234269564013667e-04 -1.970278505207654726e-05 3.958248112893662449e-03 -1.460239662770503792e-04 9.999999889638284678e-01 -2.737415147089865869e-05 -3.346412931101870950e-03 1.969878756722542816e-05 2.737702825255800348e-05 9.999999994312280815e-01 -7.564502609073202538e-04
9.999999804340461429e-01 1.611070708262476591e-04 -1.147885844409733723e-04 5.367611579850160505e-03 -1.611116230493155055e-04 9.999999862354884694e-01 -3.964931136264454245e-05 -6.666434186555917144e-03 1.147821950765506567e-04 3.966780436201476406e-05 9.999999926257564509e-01 -1.263443279406900556e-03
9.999999895476339162e-01 1.223595836534285375e-04 -7.702508854471374516e-05 -2.288344300208555379e-03 -1.223584838777793532e-04 9.999999924122029427e-01 1.428269887048857791e-05 -4.812182387427907382e-03 7.702683558535025133e-05 -1.427327404814569992e-05 9.999999969315701565e-01 -1.041515767808475022e-03
9.999999923370580523e-01 -5.018637504165968522e-05 -1.131689516419854809e-04 -7.411757108520573324e-03 5.018073775602067336e-05 9.999999975001649943e-01 -4.981529502249072738e-05 -2.438994101087682814e-03 1.131714514081605708e-04 4.980961573927454665e-05 9.999999923556123216e-01 2.951886662412226553e-03
9.999999943654676038e-01 -9.569982467951153511e-05 4.594135658506502993e-05 -7.690091979395572049e-03 9.569948748888856415e-05 9.999999953938535358e-01 7.341730033343229124e-06 -6.573450692939655088e-03 -4.594205897572944621e-05 -7.337333427696279143e-06 9.999999989177453807e-01 1.122889920887089853e-03
9.999999904054924782e-01 9.923984911763368479e-05 9.664609318948412010e-05 -5.149419094539553834e-03 -9.923734362671808899e-05 9.999999947398224842e-01 -2.592883940886829395e-05 -6.443939588518362606e-03 -9.664866585521924224e-05 2.591924825853382080e-05 9.999999949936139165e-01 -1.819447582892746301e-03
9.999999832188934956e-01 1.727903499207692308e-04 6.087452440860657989e-05 1.854439815131504656e-03 -1.727886915751895576e-04 9.999999847008552711e-01 -2.724623537737818837e-05 -1.654756729444165769e-02 -6.087923136382330011e-05 2.723571649073338767e-05 9.999999977759674863e-01 -4.866866277284021339e-03
9.999999964923885765e-01 5.042080743842988723e-05 -6.688022899352705870e-05 -9.001024677217025344e-03 -5.042101528541351641e-05 9.999999987240367760e-01 -3.106066838066673759e-06 -9.003994123412486367e-03 6.688007229779241035e-05 3.109438996220172914e-06 9.999999977586936373e-01 -4.485056216450906963e-03
9.999999588099476311e-01 -8.777168745556846092e-05 -2.732695262663566941e-04 -7.100899457573332449e-03 8.773533908369487836e-05 9.999999873038227793e-01 -1.330220454090151453e-04 -3.027878173229106747e-03 2.732811983662727364e-04 1.329980645352819065e-04 9.999999538144496158e-01 -1.368471046440321651e-03
9.999999351372110823e-01 2.811941206150337671e-04 -2.250676345884584061e-04 1.785602184861780420e-02 -2.811990204629530982e-04 9.999999602272580113e-01 -2.173920935732122974e-05 -5.576398443220846948e-03 2.250615126990433549e-04 2.180249674563967038e-05 9.999999744359829856e-01 7.964007009617042132e-04
9.999994894655875877e-01 1.010081851234652123e-03 -2.834110013504003900e-05 6.020363297543940978e-02 -1.010079629801297584e-03 9.999994868049977281e-01 7.828717997210455227e-05 -6.543259634551385449e-03 2.842016205020325868e-05 -7.825851323587256533e-05 9.999999965339497754e-01 -1.223791470514023257e-03
9.999986571378155498e-01 1.638817382523673422e-03 -3.903592376010386390e-07 9.071153417652708106e-02 -1.638817417640189887e-03 9.999986498925617084e-01 -1.203765985827550864e-04 -1.037779066160550434e-02 1.930834483676346592e-07 1.203770766610906865e-04 9.999999927546610046e-01 1.295995409406638672e-03
9.999959994331093505e-01 2.825975816297556561e-03 -1.223865292589082282e-04 1.010928581864607156e-01 -2.826024794393322288e-03 9.999959260277527795e-01 -4.018852555549448733e-04 -1.656396303027223363e-02 1.212503126464597531e-04 4.022295151522830691e-04 9.999999117548855621e-01 3.349010189491622835e-03
9.999906489431803491e-01 4.322827698942339342e-03 -1.232350690416876451e-04 1.431882151436066064e-01 -4.322871085151148984e-03 9.999905936921910099e-01 -3.539953679504100645e-04 -2.055610419234190842e-02 1.217036488728220472e-04 3.545247870362473676e-04 9.999999297501961371e-01 4.157377541951466637e-03
9.999828352106229223e-01 5.859117757863353294e-03 -4.819087138165953960e-06 2.171461967708024632e-01 -5.859118147990082827e-03 9.999828315756502661e-01 -8.537255176216374496e-05 -4.760200386583272880e-02 4.318796567969186098e-06 8.539932196120213789e-05 9.999999963441519313e-01 3.455361984661002583e-03
9.999692244936319030e-01 7.844891643230341924e-03 -8.798130748500117553e-05 2.875353395356760600e-01 -7.844909522956267436e-03 9.999692072614746463e-01 -2.047521295988101388e-04 -5.693844396768898281e-02 8.637234002918134465e-05 2.054360336452730126e-04 9.999999751679271576e-01 6.126211934748359775e-03
9.999494840700552389e-01 1.005098077248647165e-02 -8.422316496176470357e-05 3.722676986154028755e-01 -1.005100347137561842e-02 9.999494499680821047e-01 -2.735648889278959853e-04 -4.541326657944005224e-02 8.146931203944598782e-05 2.743975968665324987e-04 9.999999590343541245e-01 7.883571233875088374e-03
9.999262071774791538e-01 1.214813787286896443e-02 5.427598661832348234e-05 4.517431331971538122e-01 -1.214813806488540190e-02 9.999262086430455998e-01 3.209492396322555107e-06 -1.996457794192087187e-02 -5.423299216348842321e-05 -3.868607737867037444e-06 9.999999985219082399e-01 1.119575331051667413e-02
9.999062940334558780e-01 1.368837751663308858e-02 1.774069958856147394e-04 5.228509945502268774e-01 -1.368844499787042271e-02 9.999062347618288271e-01 3.849129286391469746e-04 7.782609406602435109e-04 -1.721215277981468091e-04 -3.873052859065511527e-04 9.999999101843936034e-01 1.111703704015625828e-02
9.998895195060564234e-01 1.486356794310782735e-02 1.520853323394007824e-04 5.942307454276510859e-01 -1.486358922731803762e-02 9.998895209843245979e-01 1.397891963267895688e-04 6.710702803744276676e-03 -1.499907638842696059e-04 -1.420342862547244081e-04 9.999999786645159539e-01 1.016821082600477023e-02
9.998541622820694696e-01 1.706801875771937066e-02 5.804333788573957497e-04 6.935082669889672813e-01 -1.706811509481070271e-02 9.998543160822151998e-01 1.614276183780095897e-04 -8.773185905200505882e-03 -5.775935694302609166e-04 -1.713109798577422654e-04 9.999998185190919209e-01 1.654237472502793210e-02
9.997996786373229972e-01 1.998120532388049375e-02 1.163628166821506146e-03 8.188336191719680635e-01 -1.998145139572075901e-02 9.998003308205092310e-01 2.002281719468749187e-04 -3.040169179162230395e-02 -1.159395025924908618e-03 -2.234390416246597464e-04 9.999993029388413168e-01 2.310759830158806705e-02
9.997535088639040168e-01 2.217146470868300995e-02 1.160890599223144987e-03 9.290857840319244332e-01 -2.217161464211731686e-02 9.997541727571374048e-01 1.164424897069317244e-04 -2.755331393503080567e-02 -1.158023520136744217e-03 -1.421526066729862517e-04 9.999993193868500496e-01 2.260333391240082132e-02
9.997248559181535210e-01 2.345146842076430843e-02 4.910074714492166986e-04 1.016534422251010650e+00 -2.345151143506177954e-02 9.997249721210796913e-01 8.202998005887114554e-05 -1.547528850861672710e-02 -4.889487072189034568e-04 -9.352227732671605201e-05 9.999998760913649809e-01 1.681234999806471148e-02
9.996910330824240187e-01 2.485471289901443684e-02 2.856944231573277739e-04 1.127271867600359689e+00 -2.485491138079293574e-02 9.996908143138615310e-01 7.135521994161207705e-04 -3.322931634333723544e-02 -2.678709554761299328e-04 -7.204326449620996947e-04 9.999997046109340149e-01 1.114408687730559372e-02
9.996574104277187178e-01 2.616615697958624837e-02 6.276988666893438748e-04 1.238015728614820787e+00 -2.616651010438905689e-02 9.996574407774402315e-01 5.611125159621163519e-04 -5.801573813646582201e-02 -6.128016844776937658e-04 -5.773449734030115495e-04 9.999996455733758394e-01 1.723758785171666807e-02
9.996259575745252146e-01 2.733422195356100676e-02 8.861452516304023537e-04 1.347745104936783678e+00 -2.733425875130397753e-02 9.996263489083637710e-01 2.943893566186344673e-05 -6.082795207004167148e-02 -8.850094520883244279e-04 -5.365004785026987846e-05 9.999996069398937593e-01 2.298490604352501632e-02
9.995794624697785791e-01 2.896599906597937743e-02 1.367152785211284399e-03 1.460392069292851369e+00 -2.896691297192638750e-02 9.995801573305309606e-01 6.534706940013134107e-04 -8.066624278049044916e-02 -1.347650364624282306e-03 -6.927980807981280655e-04 9.999988519339979565e-01 2.133377011748616159e-02
9.995501518096790994e-01 2.996578824102280950e-02 1.243202453996252593e-03 1.575363165886982664e+00 -2.996667612887770824e-02 9.995506519297470138e-01 7.018180709822131576e-04 -7.640534075207487674e-02 -1.221613291673839460e-03 -7.387570046945790775e-04 9.999989809490076320e-01 2.164499127208545023e-02
9.995196685824412342e-01 3.098812135985262728e-02 4.104283542512073154e-04 1.724407331714308711e+00 -3.098814696583983980e-02 9.995197504761744733e-01 5.617534625171531171e-05 -7.536716641020721474e-02 -4.084904777824337478e-04 -6.886677762850255307e-05 9.999999141964445171e-01 2.157631359023002779e-02
9.994539005950721089e-01 3.304330407447312462e-02 -2.015964722316078883e-04 1.890715888507839892e+00 -3.304334212157817446e-02 9.994539019099083488e-01 -1.884104448347780287e-04 -7.019686971112837348e-02 1.952606771636706748e-04 1.949689752054238005e-04 9.999999619301825904e-01 2.784728954571112983e-02
9.993929923433577667e-01 3.483017442039027661e-02 -7.111995742597718205e-04 2.011998957349396822e+00 -3.483036196271643153e-02 9.993932068306297101e-01 -2.530342592203418234e-04 -8.910220140208152673e-02 7.019547958330732374e-04 2.776520040867999401e-04 9.999997150843740190e-01 3.268783933387624241e-02
9.993097362103604553e-01 3.713936324952945428e-02 -8.478281661845638462e-04 2.127655861088949774e+00 -3.713923611093161020e-02 9.993100869320445945e-01 1.652179348287807108e-04 -1.039870931868715626e-01 8.533793273502756054e-04 -1.336162004255427016e-04 9.999996269451477682e-01 3.124362279388231967e-02
9.992311595603244889e-01 3.918952042057070873e-02 -1.127498529933444998e-03 2.291579923655981066e+00 -3.918946888794788697e-02 9.992317953985615508e-01 6.777055225120256891e-05 -9.798062634698892492e-02 1.129288275815996771e-03 -2.353237894997899218e-05 9.999993620769050962e-01 1.938041319419092634e-02
9.992049406338046058e-01 3.983988985800734905e-02 -1.506581925061565653e-03 2.438798611571710406e+00 -3.984070621418753233e-02 9.992059107634011506e-01 -5.157749866459262946e-04 -9.023152081398798374e-02 1.484837145911331114e-03 5.753882027759271538e-04 9.999987320927292700e-01 1.456571129434113335e-02
9.991836645320296695e-01 4.037333184091135979e-02 -1.413721474742445604e-03 2.563433561961870666e+00 -4.037476946091404090e-02 9.991841025801405651e-01 -1.003564695086857405e-03 -9.681782111974308880e-02 1.372050772580238592e-03 1.059824128256524984e-03 9.999984971236179909e-01 1.980523619841459415e-02
9.991506984393503377e-01 4.118167677036719404e-02 -1.396891742222675830e-03 2.685553178629577875e+00 -4.118251676225693353e-02 9.991514731271751160e-01 -5.779800361820901667e-04 -1.125167347670493478e-01 1.371904255011196583e-03 6.350166744244799873e-04 9.999988573156163296e-01 2.509826038222273334e-02
9.990825080739214048e-01 4.280777118130969783e-02 -1.279369849375866768e-03 2.807373558650668954e+00 -4.280840644915649695e-02 9.990831878682131517e-01 -4.733459331342931582e-04 -1.353911277489058818e-01 1.257934023181700531e-03 5.276794265732785184e-04 9.999990695777751792e-01 2.011641072733791683e-02
9.990487168161640286e-01 4.356904675333778121e-02 -1.843798519790844489e-03 2.952760962241742781e+00 -4.357325106935031056e-02 9.990475757309634774e-01 -2.305041720252152485e-03 -1.589839732025400687e-01 1.741613970855322062e-03 2.383189268649779039e-03 9.999956435853539771e-01 1.637554107332572090e-02
9.989742950357939355e-01 4.522012867785962092e-02 -2.344743076811932076e-03 3.116260268944840206e+00 -4.522956198077367901e-02 9.989680426383806822e-01 -4.139626827347787051e-03 -1.587355373519054036e-01 2.155128944121723154e-03 4.241432493882671580e-03 9.999886827707772374e-01 3.219898941507690765e-02
9.988818265755622372e-01 4.720499671252112450e-02 -2.604769171972724957e-03 3.274103326391948787e+00 -4.721614392600247123e-02 9.988750128349470625e-01 -4.398236776633238435e-03 -1.409969027475252157e-01 2.394220087504468804e-03 4.516305941273101102e-03 9.999869352600649908e-01 4.444006979340594382e-02
9.988176965958925901e-01 4.855755532182096101e-02 -2.317927532053726605e-03 3.439883477804646539e+00 -4.856144581615945421e-02 9.988188296739530792e-01 -1.652715643696141875e-03 -1.251836449747694147e-01 2.234937833534923583e-03 1.763323544618189322e-03 9.999959478632687304e-01 4.523449994907922239e-02
9.987412388215430870e-01 4.979001308861998043e-02 -6.073917503924389054e-03 3.602804038209237447e+00 -4.977785732235968930e-02 9.987580290646398407e-01 2.136422081596620320e-03 -1.268618658632807150e-01 6.172746358326253006e-03 -1.831386237521377084e-03 9.999792713985848902e-01 2.196046303725947973e-02
9.986754419568348862e-01 5.042627714020414542e-02 -1.022507731510142320e-02 3.709134084284197552e+00 -5.041181140836729913e-02 9.987271238620227809e-01 1.667732838004195228e-03 -1.403126280077024446e-01 1.029615961646307767e-02 -1.150059159814898662e-03 9.999463317904022652e-01 -1.418794593795830346e-02
9.986667600653180710e-01 5.065044780426894433e-02 -9.961650358624269883e-03 3.812685247101133434e+00 -5.065898712276897808e-02 9.987158249750804906e-01 -6.066036922702741380e-04 -1.683367049515898939e-01 9.918133107373531057e-03 1.110442061242287830e-03 9.999501975369038398e-01 -2.823055764206106044e-03
9.986427071189964977e-01 5.167977687932544945e-02 -6.476432640369149049e-03 3.963395225773722164e+00 -5.169165651786106902e-02 9.986616788837608949e-01 -1.680409327340489029e-03 -1.931124569681199055e-01 6.380921914705749848e-03 2.012906051230343822e-03 9.999776157718468506e-01 3.833492615357007166e-02
9.985622166631977770e-01 5.350140487532802080e-02 -3.331535538913179325e-03 4.117093642250772234e+00 -5.350371907853639086e-02 9.985674642802647716e-01 -6.093649539427204321e-04 -1.880276384978145088e-01 3.294161114134393654e-03 7.867383607400814036e-04 9.999942647562064524e-01 5.790721051219231696e-02
9.984351903042348875e-01 5.577198685725479749e-02 -4.081206211456410091e-03 4.259190948395339404e+00 -5.577076562333053295e-02 9.984435144411345497e-01 4.125193612182584011e-04 -1.819006037225443517e-01 4.097860897317754866e-03 -1.842618518425170058e-04 9.999915867564267424e-01 5.493070452872510223e-02
9.980812382250042747e-01 6.140075115624623464e-02 -7.986842973978147339e-03 4.397068140361395372e+00 -6.140284180959391241e-02 9.981130651097119832e-01 -1.658317990836942523e-05 -1.835615743860284643e-01 7.970754101604362110e-03 5.069662164259001753e-04 9.999681045234928289e-01 3.242762666090613644e-02
9.972777072063521153e-01 7.302260484129979856e-02 -1.024079544921789424e-02 4.543081528589839380e+00 -7.302735117253439379e-02 9.973299343327792776e-01 -8.980254715078159677e-05 -1.951581392706978335e-01 1.020689423696957525e-02 8.374162438799491199e-04 9.999475576469346594e-01 2.214899228956499974e-02
9.961415350078973718e-01 8.732076142073152969e-02 -8.782189761881612627e-03 4.690313071377176790e+00 -8.732265570203812111e-02 9.961800668007634307e-01 1.682556678421659490e-04 -2.420613084524482483e-01 8.763334596677538335e-03 5.992776736486780205e-04 9.999614216723645699e-01 4.075557976123920373e-02
9.945298013532877235e-01 1.042970285405394743e-01 -5.709996305071541982e-03 4.837517260858620105e+00 -1.042964698442428867e-01 9.945461725289168609e-01 3.963409024772040958e-04 -2.852816699810778456e-01 5.720192148780607437e-03 2.013596184337957317e-04 9.999836192938788004e-01 6.175552241803595327e-02
9.923537307023178045e-01 1.233523749958395782e-01 -4.273727188003198681e-03 4.958370917225025210e+00 -1.233494141255304793e-01 9.923628461298024117e-01 9.506082508266288115e-04 -2.959887300334408389e-01 4.358347861299276087e-03 -4.161778993716644870e-04 9.999904157540091543e-01 7.248599071916020375e-02
9.891922657647681527e-01 1.465220120173271190e-01 -5.473695786073764016e-03 5.071618208059330613e+00 -1.465196875644436680e-01 9.892074098910424995e-01 8.254530107263868734e-04 -3.508882517219974462e-01 5.535567467030932942e-03 -1.452753756444431169e-05 9.999846785235104729e-01 6.167993406695870817e-02
9.848475980088065018e-01 1.732442520822850274e-01 -7.850975527530447765e-03 5.212925934991995192e+00 -1.732486732002922192e-01 9.848781057406492678e-01 1.186045903064338524e-04 -3.859693210221772919e-01 7.752801469311546359e-03 1.243363647596503700e-03 9.999691735829746575e-01 4.856086165779949226e-02
9.794619187764778134e-01 2.014393337704978304e-01 -8.748970042149721224e-03 5.355800499539647319e+00 -2.014476569967577624e-01 9.794992783873340825e-01 -7.161849213680067643e-05 -4.194706913593711506e-01 8.555183061576371664e-03 1.832607101854075507e-03 9.999617244644882774e-01 5.611472030096449626e-02
9.727608396043428973e-01 2.316860079418669449e-01 -7.612007370922201435e-03 5.488077244327262072e+00 -2.316920354556455952e-01 9.727891817723894885e-01 9.237437285852930988e-05 -4.905122453882705402e-01 7.426280271688533163e-03 1.673783309172554180e-03 9.999710239855754690e-01 5.183640975051264504e-02
9.648566781020420091e-01 2.626979786362206304e-01 -6.431387279295373502e-03 5.608234954404084149e+00 -2.627050107598346007e-01 9.648761631389626281e-01 -2.590905422312214179e-04 -5.697999399615872873e-01 6.137429719979348511e-03 1.939542904312828008e-03 9.999792848503186171e-01 5.821540954502790743e-02
9.555477191758827704e-01 2.947608732580703772e-01 -6.677123176050108605e-03 5.716821029005139110e+00 -2.947698470757113554e-01 9.555682042228443862e-01 -3.799122138504727481e-04 -6.411365987705304192e-01 6.268463346796964569e-03 2.331238826941857238e-03 9.999776355963175822e-01 6.555457102941456005e-02
9.446401346621547956e-01 3.280220531041312393e-01 -7.519884494897159828e-03 5.841568502493324822e+00 -3.280362034852373210e-01 9.446648943757105510e-01 -6.975221284739694261e-04 -7.188077232329322941e-01 6.874968251421973049e-03 3.125701757725049199e-03 9.999714819933934740e-01 6.892179923406109576e-02
9.322137358870040691e-01 3.618266655724170500e-01 -7.682102859332446895e-03 5.964359701767103950e+00 -3.618428734761460763e-01 9.322387644959461150e-01 -7.879629418639994606e-04 -7.953412798673809014e-01 6.876448074465571145e-03 3.514264050735723365e-03 9.999701817604667031e-01 7.121402829415332536e-02
9.186646867892639401e-01 3.949641012628271053e-01 -7.651925249949203221e-03 6.058042336296077579e+00 -3.949826671362278718e-01 9.186879996716058594e-01 -1.025632163713698693e-03 -8.878077181980950083e-01 6.624644015745056146e-03 3.964589894391024050e-03 9.999701976152258753e-01 6.301288561201341676e-02
9.039704109000290533e-01 4.275191748916446488e-01 -8.053031553393435668e-03 6.175143154990287542e+00 -4.275416797893561438e-01 9.039947982900797818e-01 -1.231546740314223365e-03 -9.981609864980900415e-01 6.753388788473916292e-03 4.556288450618957431e-03 9.999668154371056383e-01 5.831358592415536446e-02
8.883307591187405983e-01 4.591341391803497873e-01 -8.019017560850019016e-03 6.295221416487421173e+00 -4.591623454542818616e-01 8.883500812438549499e-01 -2.018333708542703001e-03 -1.105300810568020653e+00 6.197008991826577842e-03 5.474978826943650845e-03 9.999658102587306585e-01 5.892433369401717247e-02
8.714606665142615727e-01 4.904010629998424853e-01 -7.943810618557776981e-03 6.424667325065023249e+00 -4.904295600984974191e-01 8.714784791063528990e-01 -2.026582362575227517e-03 -1.202608225516720752e+00 5.929021851306004454e-03 5.661966363600917651e-03 9.999663938537055596e-01 5.985659066567527997e-02
8.545737294026105602e-01 5.192603338194031748e-01 -8.511564878197503542e-03 6.553237432317438049e+00 -5.192937089478210089e-01 8.545930805691928089e-01 -2.170366437470744054e-03 -1.281804821009242756e+00 6.146939248891863418e-03 6.274740235188820681e-03 9.999614206422422491e-01 7.445065682843854393e-02
8.381054937884315770e-01 5.454446679448452517e-01 -8.324391400391961335e-03 6.636779288332169457e+00 -5.454766917019826522e-01 8.381234987413921367e-01 -2.044423475680078733e-03 -1.379834082921532090e+00 5.861748161558301418e-03 6.254204028115755570e-03 9.999632617453828587e-01 7.947993979013333321e-02
8.205115273041089230e-01 5.715829811923639481e-01 -7.330018576262037865e-03 6.736119586829762085e+00 -5.716094257700997661e-01 8.205233061585188725e-01 -2.041671244437451294e-03 -1.482093385625218085e+00 4.847466539887604169e-03 5.865122500287561769e-03 9.999710507840721130e-01 7.894622660173029882e-02
8.006031717503582223e-01 5.991585189613267692e-01 -6.605341727417260791e-03 6.839587428098523603e+00 -5.991805025719106892e-01 8.006117440722885226e-01 -1.886952887897426923e-03 -1.567842716742823272e+00 4.157730262918575906e-03 5.468492442887263466e-03 9.999764041563494743e-01 7.306614017892784640e-02
7.792487001824335291e-01 6.266845160977647655e-01 -6.162835978515534413e-03 6.898396987615519116e+00 -6.267041803141832901e-01 7.792550915500244813e-01 -1.836483076593121468e-03 -1.694377544723688622e+00 3.651525806469412602e-03 5.293352120668563116e-03 9.999793231775401248e-01 6.067168895686250729e-02
7.580336347062989200e-01 6.521770752413940109e-01 -7.076099457936420312e-03 6.982001245362951636e+00 -6.522056525627317747e-01 7.580371230365372526e-01 -2.739865637393592082e-03 -1.835255389324429443e+00 3.577068517464775110e-03 6.691982372282570188e-03 9.999712105619593672e-01 5.882417675929493828e-02
7.369319016668794964e-01 6.759124650486492136e-01 -8.585563318454079995e-03 7.070968898179939899e+00 -6.759559704909217093e-01 7.369329702371063551e-01 -3.650114408134928507e-03 -1.938055879416981764e+00 3.859826850115041959e-03 8.493348537225435535e-03 9.999564814367234433e-01 7.608780819848065535e-02
7.159104671460504443e-01 6.981385351812637863e-01 -8.648047507000133569e-03 7.126661868501582120e+00 -6.981836979805170484e-01 7.159076883475129494e-01 -3.963034086466337390e-03 -2.010154850303324636e+00 3.424456887456912412e-03 8.875103372906381627e-03 9.999547517938730534e-01 9.143110990892211465e-02
6.951843575258941366e-01 7.187852040657931596e-01 -8.157172758120398784e-03 7.170707039899905766e+00 -7.188244421775193960e-01 6.951830269854689659e-01 -3.461259813808724353e-03 -2.084958954828076028e+00 3.182825708040312382e-03 8.269788837494367398e-03 9.999607393358478369e-01 8.093707524527206376e-02
6.733892591341177347e-01 7.392424401191611816e-01 -8.217080349647456691e-03 7.231657987102510177e+00 -7.392799624656821722e-01 6.733924180974684148e-01 -2.790760753617485893e-03 -2.188521708901159268e+00 3.470270817057313426e-03 7.953991168763916569e-03 9.999623449135189857e-01 6.812029133404672032e-02
6.518446341067333227e-01 7.582918185048314053e-01 -9.596404269037498228e-03 7.263684568334089597e+00 -7.583485194243627658e-01 6.518301867435063457e-01 -4.993068876225475669e-03 -2.310317189003882277e+00 2.469022708680003106e-03 1.053212412391513371e-02 9.999414874322909430e-01 6.255497995270958844e-02
6.311204195936315209e-01 7.756077960725265008e-01 -1.093447042507125246e-02 7.316937526115780521e+00 -7.756845982620057534e-01 6.310692678578326831e-01 -8.061214827182446377e-03 -2.448684820042178245e+00 6.480671797846927762e-04 1.356929758304496574e-02 9.999077228284783958e-01 6.494481538483638794e-02
6.118703193813115337e-01 7.908819084523805998e-01 -1.097812110209308092e-02 7.365482187432966121e+00 -7.909580836395899706e-01 6.118087562974541260e-01 -8.680762809223275048e-03 -2.522721985762912400e+00 -1.489476394265472695e-04 1.399473474142774211e-02 9.999020578107227220e-01 8.244734411070794855e-02
5.934343585239187924e-01 8.048249610602430382e-01 -9.614789528798444590e-03 7.426353269786276634e+00 -8.048823218244142152e-01 5.933870405143568671e-01 -7.501210845795072343e-03 -2.577109268893590155e+00 -3.318702232095573426e-04 1.219025036621942081e-02 9.999256410644562498e-01 8.638060029455162103e-02
5.759896605194323449e-01 8.174166517594555481e-01 -8.119630599366822743e-03 7.475764007851219972e+00 -8.174566037241765004e-01 5.759514767193635310e-01 -6.678135407367040248e-03 -2.616990056580719148e+00 -7.823058505651825888e-04 1.048398259944544400e-02 9.999447355261242842e-01 6.984523002800402391e-02
5.594406556613902293e-01 8.288263994018242320e-01 -8.541220507713727372e-03 7.485236780844165771e+00 -8.288700218100467643e-01 5.594007483902860844e-01 -6.729758168042283828e-03 -2.721289056035536280e+00 -7.998360870819865368e-04 1.084446195048527004e-02 9.999408772058667738e-01 6.839600653404682984e-02
5.412290771733403449e-01 8.408232576915889434e-01 -9.345338249533506614e-03 7.519489017601509673e+00 -8.408747533295454213e-01 5.411840362462755349e-01 -7.034779681413656956e-03 -2.808028240577730372e+00 -8.574584948995824310e-04 1.166568631044693355e-02 9.999315859236749260e-01 7.743976788104725562e-02
5.229410814572914568e-01 8.523205859773415050e-01 -9.068850176287751585e-03 7.552176798907487942e+00 -8.523675528617895569e-01 5.228922667427295945e-01 -7.296040642354308797e-03 -2.876055051309283073e+00 -1.476534010176617194e-03 1.154539301590171152e-02 9.999322595793302959e-01 9.453958359511840936e-02
5.045817110308838949e-01 8.633155548248714339e-01 -9.140551983876490927e-03 7.561197970896824216e+00 -8.633621200370700244e-01 5.045306144145552674e-01 -7.396539972679078492e-03 -2.941427531659738470e+00 -1.773859701784388006e-03 1.162376513423138934e-02 9.999308683633396644e-01 9.290987394947593236e-02
4.869094786870277192e-01 8.734076385946044629e-01 -8.846265275460216126e-03 7.566508423551966622e+00 -8.734509099162245382e-01 4.868647164018056195e-01 -6.801168245880281210e-03 -3.025509101517598776e+00 -1.633257862766823634e-03 1.103833173927536160e-02 9.999377419125490274e-01 8.479300981455928365e-02
4.684390634596441449e-01 8.834565784089313256e-01 -8.325736666219692508e-03 7.592875919729945799e+00 -8.834938456288140562e-01 4.683973574473008217e-01 -6.522290425515041637e-03 -3.123223955481582603e+00 -1.862407329455447683e-03 1.041103272347132687e-02 9.999440693541664649e-01 7.744432531874366477e-02
4.493247803715556543e-01 8.933299716021384507e-01 -8.294792425113153497e-03 7.597125559296608266e+00 -8.933659664088730024e-01 4.492821208245781905e-01 -6.544155385494067508e-03 -3.222496169012587952e+00 -2.119388212128914956e-03 1.035073643232666679e-02 9.999441836667258832e-01 7.688740673357941091e-02
4.287817312546788884e-01 9.033604869412298344e-01 -9.276722241423090987e-03 7.634926736014890025e+00 -9.034050514679995425e-01 4.287309159062309138e-01 -7.008190087725366980e-03 -3.308284155884507083e+00 -2.353704387051260699e-03 1.138562161274392706e-02 9.999324115639766086e-01 7.386305755172167808e-02
4.094773960647615230e-01 9.122624553073355180e-01 -1.027009000225107688e-02 7.685627138184297991e+00 -9.123171196764410240e-01 4.094204896429899376e-01 -7.234349022326069974e-03 -3.391063598934690670e+00 -2.394839724258190916e-03 1.233188132955724894e-02 9.999210916095173651e-01 6.861530528591365530e-02
3.933293631935146362e-01 9.193212610657337525e-01 -1.185035874113262930e-02 7.688795753390591514e+00 -9.193947496408758635e-01 3.932631606807824864e-01 -7.575010505100977613e-03 -3.480350723043617478e+00 -2.303558676396652051e-03 1.387463166611374935e-02 9.999010892151053431e-01 7.822255908527420143e-02
3.786810076516524681e-01 9.254449109536188045e-01 -1.234549448088822360e-02 7.674955262945566403e+00 -9.255233421592373722e-01 3.786069452743515695e-01 -7.957644652737561747e-03 -3.568920962935084873e+00 -2.690271793742797339e-03 1.443945220819253458e-02 9.998921265104566691e-01 9.262136306244463102e-02
3.633262116792673746e-01 9.315827667224360065e-01 -1.214959474894853828e-02 7.705832245549056658e+00 -9.316567131198970619e-01 3.632493668237966045e-01 -8.103480779326450306e-03 -3.688667193169481884e+00 -3.135730444765733559e-03 1.426345848251259207e-02 9.998933547867469018e-01 8.768449368455391579e-02
3.464183373145822697e-01 9.380230074655637740e-01 -1.035244113525837957e-02 7.756000841385067623e+00 -9.380726360650792905e-01 3.463503537742382843e-01 -7.820607800734387036e-03 -3.792278500758138549e+00 -3.750338399829803576e-03 1.242054369658024925e-02 9.999158289857041915e-01 8.211288276304781752e-02
3.300021637975477651e-01 9.439326868093433909e-01 -9.468614567637418170e-03 7.806519473950823240e+00 -9.439693025146709271e-01 3.299336186536017124e-01 -8.109450789381437638e-03 -3.922282324577277546e+00 -4.530761404232148959e-03 1.161421779689855195e-02 9.999222880534587299e-01 6.893176742223115772e-02
3.162952158128800040e-01 9.486092127808151142e-01 -9.894335816317227986e-03 7.814596539326555735e+00 -9.486479486156932373e-01 3.162194091375793992e-01 -8.506166699357395680e-03 -4.047332095587080403e+00 -4.940247070815180150e-03 1.207670120697769932e-02 9.999148699998599010e-01 7.595171662116370626e-02
3.039141698359426602e-01 9.526521324219556774e-01 -9.491678715105218017e-03 7.830994071355673825e+00 -9.526828586921423092e-01 3.038350667616462886e-01 -8.923169846741817179e-03 -4.146500204661462519e+00 -5.616771946377791674e-03 1.175443736837145439e-02 9.999151389368277076e-01 8.804751431179520804e-02
2.914268833751868515e-01 9.565481830141263631e-01 -9.270664409768309203e-03 7.853266738165218364e+00 -9.565769551618948929e-01 2.913519600845038138e-01 -8.635056926033824604e-03 -4.258776439810138648e+00 -5.558821765749554292e-03 1.138459166114527341e-02 9.999197420659747815e-01 9.379529312695830678e-02
2.786229091137910618e-01 9.603540457049861701e-01 -9.454174476578690658e-03 7.847247313643252120e+00 -9.603862078048877038e-01 2.785513848441977247e-01 -8.213273374648376660e-03 -4.401941780400842497e+00 -5.254176920814951357e-03 1.136806489447854222e-02 9.999215772876589581e-01 7.719880914904025948e-02
2.650285834059136203e-01 9.641858676366480418e-01 -1.026949987191122168e-02 7.875782158525281851e+00 -9.642270360613663938e-01 2.649534367875948648e-01 -8.117836088183052676e-03 -4.533210407829592725e+00 -5.106163546864223544e-03 1.205358802209809642e-02 9.999143153838864206e-01 6.325449710889084753e-02
