1.000000000000000000e+00 -1.123966364506625005e-19 0.000000000000000000e+00 0.000000000000000000e+00 0.000000000000000000e+00 1.000000000000000000e+00 0.000000000000000000e+00 0.000000000000000000e+00 0.000000000000000000e+00 0.000000000000000000e+00 1.000000000000000000e+00 0.000000000000000000e+00
9.999999899814129289e-01 2.900355953319406973e-05 1.417510118933120377e-04 -5.418574297332279244e-03 -2.899397177166980477e-05 9.999999972539668214e-01 -7.072475291173753616e-05 4.651713096753690158e-04 -1.417482272719603918e-04 7.071835723226903064e-05 9.999999879711838346e-01 1.055048933734425987e-03
9.999999930486863642e-01 -1.759678551325366613e-06 1.265807437487493530e-04 -8.640016975860698167e-03 1.771353221816616974e-06 9.999999953967458888e-01 -9.865192030375880634e-05 9.770271147728111505e-04 -1.265761880179602122e-04 9.864908507371385822e-05 9.999999882861859701e-01 7.667215176774266894e-04
9.999999992583251673e-01 -6.275111593262745345e-05 4.058227876978289113e-05 -4.599284320554897221e-03 6.275124690552011386e-05 9.999999972537439996e-01 -6.528503184091027532e-05 -6.979661468617358311e-04 -4.057710627622930044e-05 6.528533517063146577e-05 9.999999999639838100e-01 3.801784843124877966e-04
1.000000002870736315e+00 -1.327085120167160372e-05 7.213933143463903310e-05 -1.310446672703413640e-03 1.327414059432065890e-05 1.000000000788116017e+00 -7.498998397190893991e-05 -1.850620333171484194e-03 -7.213649830751401465e-05 7.499166273619972797e-05 9.999999989975911774e-01 6.740958708428834711e-05
9.999999916697764890e-01 -1.186705448847858243e-04 1.181631742501417545e-04 -2.881796793876789664e-03 1.186819881846259625e-04 9.999999901770614263e-01 -1.146942294922557076e-04 -5.291107314799800565e-04 -1.181462329868094278e-04 1.147076499225588026e-04 9.999999909558416888e-01 3.799944985396486175e-04
9.999999954781536582e-01 -1.049231113088943236e-04 1.125962805059040175e-04 -4.460969771369116543e-03 1.049350562481550161e-04 9.999999918760057449e-01 -1.263698351375665057e-04 -6.880026379634598954e-04 -1.125804781711351978e-04 1.263796403642477434e-04 9.999999905128730271e-01 4.419562503237273177e-04
9.999999927743667971e-01 -9.540941758667055876e-05 1.501152323476348473e-04 -6.973092914850820279e-03 9.542901748093961245e-05 9.999999909345844706e-01 -1.477785875292285226e-04 -9.628349331621093021e-04 -1.500974044784079032e-04 1.477908781456631392e-04 9.999999831695574048e-01 1.619540926632190292e-03
9.999999942076591708e-01 -1.028502024685785439e-04 1.369984137431004274e-04 -4.590775954049775009e-03 1.028525799536975441e-04 1.000000000912188769e+00 -3.985357088656226593e-05 -5.628885688901269502e-06 -1.369912650620681231e-04 3.986903567856656745e-05 9.999999958132133049e-01 2.397066741658182565e-03
1.000000002752986505e+00 -1.046392371441864889e-04 7.729721676535732057e-05 1.569271805223371175e-03 1.046472917584275603e-04 9.999999998875302998e-01 -9.111693477694635937e-05 -1.923586091404153042e-04 -7.728580636023713003e-05 9.112364600640079958e-05 1.000000003132094806e+00 1.845613798818979134e-03
1.000000004461524039e+00 1.213570601189535678e-04 3.115782597985343607e-05 1.401661556540867437e-03 -1.213493727949144924e-04 9.999999819752142249e-01 -2.070544145001693224e-04 2.886009592960377124e-03 -3.118169901291185573e-05 2.070449825743337507e-04 9.999999886879465949e-01 -2.454660676178832546e-04
9.999999974419834237e-01 8.025026804445520171e-05 1.612571175091336267e-04 -3.459595152285999120e-03 -8.022506033649422219e-05 9.999999980970453173e-01 -1.465193777664244358e-04 2.262214574379889376e-03 -1.612622742347540614e-04 1.465018423787362630e-04 9.999999875297052032e-01 -2.524932255421052929e-04
9.999999742986764861e-01 2.093291452921805298e-05 2.823496503397423347e-04 -5.097491297862521975e-03 -2.089905560126361500e-05 1.000000005801933156e+00 -1.143767631255402349e-04 2.889369256994716445e-03 -2.823411058930479917e-04 1.143676972141564424e-04 9.999999651638790121e-01 2.594324377475532017e-03
9.999999986797757368e-01 8.886866874693797379e-06 1.823381312403545907e-04 -5.055250642718389642e-03 -8.858069392485290461e-06 1.000000001637083802e+00 -1.490211748754829047e-04 2.872713010620114860e-03 -1.823319306943498887e-04 1.490160068797521096e-04 9.999999846093302613e-01 2.530310549183845126e-03
1.000000014425441952e+00 6.542407807733854224e-05 8.348812900333649374e-05 -2.712487839899191400e-03 -6.541228272049972453e-05 1.000000002705971891e+00 -1.334957032452608206e-04 7.816299520910265086e-04 -8.349299171132005832e-05 1.334838989187063399e-04 1.000000003881407196e+00 7.155111974481709325e-04
1.000000021810593331e+00 -1.358523683018665806e-05 4.403654395756085546e-05 -1.205672539601021498e-03 1.359442570811157658e-05 1.000000001630354074e+00 -1.755286932500996233e-04 4.175098139498380212e-04 -4.403422350494974233e-05 1.755227473833213326e-04 1.000000000973787717e+00 -1.652583905198401482e-04
1.000000015695662103e+00 -6.657683749232240378e-06 1.220631001543559323e-04 -2.546263178625496337e-03 6.674452076566202152e-06 1.000000009606384133e+00 -1.236231538616608850e-04 2.028840733280020542e-03 -1.220597657054600747e-04 1.236192183045295608e-04 1.000000002529301213e+00 3.404363198877824459e-04
1.000000017216594372e+00 8.931042242265280304e-05 6.371412092133142658e-05 -1.695254884820585062e-03 -8.929719926918048417e-05 9.999999970335874400e-01 -1.807940852258934717e-04 5.472384817235814020e-03 -6.372962812552778616e-05 1.807816963950194798e-04 9.999999992944557103e-01 1.375380998025921286e-03
1.000000014107909951e+00 1.212413121632191835e-04 6.644932023579466925e-05 -2.685699376050454390e-04 -1.212325067616090019e-04 1.000000010498050429e+00 -8.420185030484534934e-05 5.065936357757278713e-03 -6.645988726714111494e-05 8.419037052003647845e-05 1.000000016001752368e+00 1.035035390702043756e-03
9.999999951927831532e-01 4.056123217595244794e-05 2.395106941591756587e-04 -3.967195587611049845e-03 -4.053303965434983114e-05 1.000000015485897009e+00 -1.070534241650981797e-04 2.076203098807630903e-03 -2.395100853690732359e-04 1.070386586023171606e-04 9.999999881331431695e-01 2.754784578306912479e-03
1.000000000733454852e+00 8.597292840077163463e-05 2.110929644726365390e-04 -5.176868663267830684e-03 -8.594409545489758301e-05 1.000000012234706803e+00 -1.208718518817019006e-04 8.711360220435768187e-04 -2.110985527658854500e-04 1.208468550743943890e-04 9.999999941664566849e-01 1.913546784448438842e-03
1.000000011636901220e+00 -1.741482341956867425e-05 1.757639082033669268e-04 -2.319372586038648265e-03 1.744045589043962535e-05 1.000000015413776477e+00 -1.276074086462801850e-04 1.624834784534446436e-03 -1.757577257776302875e-04 1.276036384576311150e-04 1.000000000643941789e+00 4.599770914712753012e-04
1.000000014791781799e+00 -1.159744926115245542e-04 1.102079119096813632e-04 -1.758710694918841355e-03 1.159981880271901411e-04 1.000000000053130389e+00 -1.856103361268523783e-04 1.524443751089645666e-03 -1.101846814562521323e-04 1.856142572691630470e-04 1.000000001078573897e+00 7.395087330497318590e-06
1.000000012348211786e+00 -6.026866991606244246e-05 1.672103709485201308e-04 -2.180657831352794673e-03 6.029732914238170732e-05 1.000000011301689140e+00 -1.519121291871036196e-04 2.889540625725859485e-03 -1.671979874080423254e-04 1.519145511072214454e-04 9.999999989618069129e-01 6.103104171082396334e-04
1.000000001170702202e+00 7.203955832144003069e-05 2.241644578320545526e-04 -4.397312200632885748e-03 -7.201275733005087221e-05 1.000000017074144099e+00 -1.071840950013627292e-04 3.574544818825724918e-03 -2.241665954422407154e-04 1.071620807965448441e-04 9.999999941496143796e-01 2.264192339369142104e-03
9.999999956327999540e-01 8.084801576150445624e-05 2.458847913123400684e-04 -4.643877714223920705e-03 -8.081502269171106367e-05 1.000000014922530989e+00 -1.226452669539429487e-04 2.770132758234646747e-03 -2.458884277178365594e-04 1.226191728980020402e-04 9.999999876223976125e-01 2.155798804699182725e-03
1.000000015537837017e+00 -1.057781817559452444e-04 1.345888565443696043e-04 -3.936175004002784306e-03 1.057942612368032234e-04 1.000000015776913553e+00 -1.016211651431104174e-04 1.372347365401160174e-03 -1.345751433218922823e-04 1.016306843848289879e-04 1.000000011794076160e+00 7.883524044918210905e-04
1.000000025554941052e+00 -4.514413481406203392e-05 8.959605356200228698e-05 -4.542163495255602257e-03 4.516118499698924121e-05 1.000000012361416557e+00 -1.651076929220147733e-04 1.433415446297148926e-03 -8.958687243156250514e-05 1.651051215090413530e-04 1.000000008545810726e+00 3.672245543895336084e-05
1.000000023239713487e+00 6.502702143671983018e-05 1.074121560209305171e-04 -6.448424467897728718e-03 -6.501759549748346856e-05 1.000000022721570847e+00 -6.823913156239039854e-05 9.473303480755750072e-04 -1.074143457796312583e-04 6.822892910299652224e-05 1.000000018659093382e+00 3.946318276286664428e-04
1.000000023145629635e+00 -1.305245615573688420e-05 1.277137145661048836e-04 -4.253824862569421938e-03 1.306999355203675162e-05 1.000000019762117942e+00 -1.231075789192313862e-04 1.458248485364275343e-03 -1.277093849330701396e-04 1.231039539350651667e-04 1.000000011319127635e+00 1.847952723681212106e-03
1.000000011973818825e+00 -1.346387947778911447e-04 1.452902123126840485e-04 -4.004252597677337988e-03 1.346630199553595572e-04 1.000000006618130710e+00 -1.544199529797114605e-04 1.385354016214170730e-03 -1.452660328317986283e-04 1.544331992244316466e-04 1.000000004623541994e+00 1.622729952744483839e-03
1.000000008729262646e+00 -1.655499792485724451e-04 1.379170390176182525e-04 -2.495135966453343457e-03 1.655749661626454775e-04 1.000000000160544689e+00 -1.680282429755659889e-04 1.628801434039699181e-03 -1.378862715417051785e-04 1.680443933431750132e-04 1.000000003547955929e+00 1.661756419524484940e-03
1.000000013206758354e+00 -3.945045797281221726e-05 1.938607462572710565e-04 -2.136751855690954827e-03 3.947551524394361799e-05 1.000000020643477816e+00 -1.209378831167206046e-04 2.417798648980559045e-03 -1.938512074866884593e-04 1.209408430341463885e-04 1.000000001370952019e+00 2.151751819656544384e-03
9.999999912802280955e-01 1.032422158884373204e-04 2.705054224104529018e-04 -4.323949524939862954e-03 -1.032018528412548958e-04 1.000000013399174881e+00 -1.437082278637254336e-04 2.187000477912339619e-03 -2.705127197835356049e-04 1.436751187034552234e-04 9.999999807701788201e-01 2.605433750629160272e-03
1.000000031479932217e+00 -3.786028554487354670e-05 7.390816076669823732e-05 -3.373887356888705114e-03 3.786867708822482664e-05 1.000000023996515663e+00 -1.006299285080448122e-04 2.672495427873955443e-04 -7.390306984580370165e-05 1.006305897624905566e-04 1.000000021045163834e+00 5.641861976537487777e-04
1.000000028566202293e+00 -1.076233893489122242e-04 6.797970922146864315e-05 -1.053081373272313215e-04 1.076305109449860256e-04 1.000000021333743216e+00 -9.246597123634743998e-05 7.496174524640152048e-04 -6.796878650418091252e-05 9.247097259817783140e-05 1.000000022433721769e+00 3.367326110386148486e-04
1.000000025032851125e+00 2.289415480602717014e-05 1.563650853332795843e-04 -1.547440926525034399e-03 -2.287089403497834933e-05 1.000000021166056019e+00 -1.460979057538236761e-04 1.870747292732691247e-03 -1.563638750968450247e-04 1.460909625708496661e-04 1.000000006647965733e+00 8.348879256905306079e-04
1.000000007568596416e+00 -4.461216674956653962e-05 2.414114130856682614e-04 -5.836821755261567546e-03 4.462183021457320070e-05 1.000000030641013282e+00 -3.793731276421740398e-05 2.294524138751655173e-03 -2.414021107559640150e-04 3.794830996664519564e-05 9.999999998148938474e-01 2.626342278136517550e-03
1.000000013455752068e+00 7.994814436075799483e-05 2.082528788910412414e-04 -1.498989498546432486e-03 -7.993282597356342334e-05 1.000000027326718888e+00 -7.003499348063911892e-05 3.812948354057280054e-03 -2.082516729745438307e-04 7.001755542118112468e-05 1.000000006092858218e+00 2.206838013392609099e-03
1.000000032294685592e+00 1.496141773261338227e-05 1.138970079137347689e-04 -2.399523314625007231e-03 -1.494847982758465421e-05 1.000000027823292337e+00 -1.057047676720134849e-04 2.615143583084112572e-03 -1.138953147392514185e-04 1.057014813114213114e-04 1.000000018360918785e+00 1.227242252515692300e-03
1.000000027138434611e+00 -4.852620982524998488e-05 1.662592202607332179e-04 -2.548030596419170735e-03 4.854892807154391476e-05 1.000000024547943900e+00 -1.409656993989170124e-04 2.008310139903043273e-03 -1.662490535524716615e-04 1.409678046362095299e-04 1.000000008652270456e+00 1.708038125544764085e-03
1.000000013233303786e+00 -6.776239871823862108e-05 2.380304009713813925e-04 -3.437867949120265720e-03 6.778068459525367351e-05 1.000000033388846798e+00 -6.468359007499928327e-05 2.656691435991512945e-03 -2.380200389339604677e-04 6.469612062699334404e-05 1.000000005726547680e+00 2.117388298694677928e-03
1.000000017680135134e+00 7.275140731718087415e-05 2.186269979271119072e-04 -3.619459499573318695e-03 -7.274295771913293768e-05 1.000000035146881627e+00 -2.571881782936165969e-05 9.320682580656360072e-04 -2.186236687325205145e-04 2.570032697251981081e-05 1.000000012275095163e+00 1.184250692670918426e-03
1.000000041650413340e+00 1.841684312036854926e-05 7.449988477148820399e-05 -1.189824934304306581e-03 -1.840362837543432079e-05 1.000000029253473643e+00 -1.347391551043350410e-04 1.445727329584051840e-03 -7.450238181067770510e-05 1.347318568395047518e-04 1.000000025020708172e+00 1.202400336721698437e-04
1.000000024822746969e+00 -2.016452415278342162e-04 4.565275960304799913e-05 -6.421085010848148755e-04 2.016505606171493242e-04 1.000000018387962042e+00 -4.907138599520266374e-05 1.451045322462481829e-03 -4.564299981600701181e-05 4.907833731143095701e-05 1.000000035175361734e+00 3.042753389408403564e-04
1.000000023910923019e+00 -6.623600073475079586e-05 2.125982348407946376e-04 -3.416314495544137131e-03 6.623861107199133236e-05 1.000000039292685550e+00 4.298397581239970591e-07 2.009680433087860513e-03 -2.125922834864329503e-04 -4.139352728114985531e-07 1.000000015853728774e+00 2.200158372997140788e-03
1.000000030188176847e+00 1.402564003934585212e-04 1.360181371098276532e-04 -5.742835708371751835e-03 -1.402454647498226070e-04 1.000000030695284314e+00 -5.901216465899422701e-05 3.027351340356036064e-03 -1.360223474981915647e-04 5.899265726324706325e-05 1.000000027791328128e+00 2.156170179007377286e-03
1.000000034763714130e+00 1.387265066503017767e-04 1.130513694916075566e-04 -3.328842436553181017e-03 -1.387072316051821477e-04 1.000000027931026381e+00 -1.348912479838154958e-04 3.161144097161259353e-03 -1.130700247482966465e-04 1.348729457554330533e-04 1.000000026516021157e+00 1.780728259059616292e-03
1.000000023813437000e+00 -9.813340698681910395e-06 2.381199046273287361e-04 -2.239893189159847253e-03 9.856451714471310688e-06 1.000000034322917619e+00 -1.636795127053227935e-04 1.471006031321542978e-03 -2.381136304669862641e-04 1.636771262345395976e-04 1.000000000730750127e+00 6.498645269332747887e-04
1.000000035534522436e+00 -7.901540873201661776e-05 1.846211604682819658e-04 -1.095713104133366755e-03 7.905451543733458403e-05 1.000000029751177522e+00 -1.882327325461725757e-04 1.666640085363491064e-03 -1.846048905631336235e-04 1.882444356905541732e-04 1.000000009389711009e+00 6.168113522933005299e-04
1.000000045962990747e+00 -2.573154766495387868e-05 1.509394280142520241e-04 -2.523882272024380313e-03 2.575637608656210914e-05 1.000000042290182023e+00 -1.469540408814820132e-04 2.321838300903770330e-03 -1.509380506759038323e-04 1.469547148745750393e-04 1.000000023913346414e+00 1.017690487270739297e-03
1.000000050038587718e+00 1.162457749907496947e-05 1.299413617072039918e-04 -4.232485720407019869e-03 -1.160624438641469358e-05 1.000000046745260995e+00 -1.253599725339898810e-04 4.949667435185507031e-03 -1.299471164729698537e-04 1.253553177235296233e-04 1.000000030576321919e+00 1.177760747314904322e-03
1.000000049673518854e+00 5.473678490518716353e-05 1.272208491593087242e-04 -2.667456665678358263e-03 -5.471815516043445488e-05 1.000000045397060777e+00 -1.305041948754737048e-04 5.521488589767181016e-03 -1.272327161739030227e-04 1.304936789132424637e-04 1.000000030451859478e+00 -5.281835445991589495e-04
1.000000049516752476e+00 4.926646235371751243e-05 1.316790244631159922e-04 -1.163675776179706745e-03 -4.924788122435182908e-05 1.000000046507444340e+00 -1.253204415241847530e-04 2.192466430317060316e-03 -1.316896962491833809e-04 1.253104646193827399e-04 1.000000030629227155e+00 -3.965418972358136784e-04
1.000000052185028299e+00 -3.081569445027391307e-05 1.376382925357325755e-04 -1.632294542337264787e-03 3.083088342737023979e-05 1.000000053394392241e+00 -9.578520552332531960e-05 -6.658121891373394718e-05 -1.376380817675849845e-04 9.578718253721827411e-05 1.000000033488615436e+00 1.173196043422475299e-03
1.000000047043976492e+00 -3.252262010375550584e-05 1.805836103189984397e-04 -2.920519484694850121e-03 3.254428029109742576e-05 1.000000051890609587e+00 -1.165166389753973810e-04 3.804259806672660033e-03 -1.805814387062582493e-04 1.165187301066125626e-04 1.000000026185791757e+00 1.868859246559217979e-03
1.000000040131339141e+00 -9.078135996097642826e-05 2.037783148944340953e-04 -2.666732187535991727e-03 9.080264040728543151e-05 1.000000050790242678e+00 -1.008899581799244176e-04 3.703002819700207393e-03 -2.037697341300307124e-04 1.009042620957550739e-04 1.000000023842399610e+00 1.361621781100108564e-03
1.000000057878310811e+00 -1.091672541470363358e-04 5.666307626005437223e-05 -7.824700051608513007e-04 1.091773109688255750e-04 1.000000041271626117e+00 -1.613496245870990034e-04 3.223668662031931725e-03 -5.665084717718385455e-05 1.613493559999871151e-04 1.000000035369917217e+00 8.885485912288881849e-04
1.000000068558954069e+00 -3.928295326711445681e-05 3.097406671491797852e-05 -2.992572323252451483e-03 3.928862083128585592e-05 1.000000053224916696e+00 -1.472699228297433694e-04 1.564247806779734545e-03 -3.097704358300302927e-05 1.472655081835680011e-04 1.000000039346772729e+00 -3.512606077993307707e-04
1.000000062079720031e+00 7.021682628416699005e-05 1.077042416834897605e-04 -2.908383054329721773e-03 -7.020125443901997081e-05 1.000000053746205264e+00 -1.337240089231751556e-04 2.265834401964112593e-03 -1.077196448811315713e-04 1.337114916011349162e-04 1.000000036263303027e+00 4.423294849884573665e-04
1.000000048915090423e+00 8.543321834637314762e-05 2.136432603136264089e-04 -4.937861200712490017e-03 -8.540377593425647201e-05 1.000000053183485171e+00 -1.309914426142563695e-04 3.572438345174538954e-03 -2.136568459963441885e-04 1.309681250217557488e-04 1.000000024402468046e+00 1.362230574911915681e-03
1.000000069223121235e+00 -2.221398865067425555e-05 1.144813188032304548e-04 -5.078306464311843627e-03 2.222772370974370609e-05 1.000000059778788808e+00 -1.080999990822789804e-04 5.252002216979488602e-03 -1.144844942019040469e-04 1.080988337065756530e-04 1.000000043638945568e+00 1.308226297326298138e-03
1.000000056411357141e+00 -8.411983073700918408e-05 -1.832974724018871567e-04 -3.117074698332000793e-03 8.410615646211021951e-05 1.000000059386777718e+00 -7.877499132548822496e-05 2.570926033696501606e-03 1.832885054096117152e-04 7.875683134130416322e-05 1.000000036990937646e+00 2.762500832358405489e-03
9.999998366748830136e-01 -1.130023220995349576e-05 -6.964931074539352498e-04 5.915285998803199163e-04 1.122545219227506774e-05 1.000000060543505542e+00 -1.073276527342026778e-04 7.810770539317356265e-04 6.964613900317965720e-04 1.073164911535012117e-04 9.999998109757443077e-01 1.354555280263625150e-03
9.999997862974333573e-01 -3.075235002316756787e-05 -7.712552331471768993e-04 1.041924746569300453e-02 3.068263264544186797e-05 1.000000063901580027e+00 -9.050386010919527597e-05 9.108958441904659031e-04 7.712226471457365312e-04 9.047302862387948392e-05 9.999997606814521323e-01 1.929806826646895956e-03
9.999998050784379977e-01 -6.278574993237997853e-05 -7.473734721023880681e-04 2.006632670591890211e-02 6.272527755157505935e-05 1.000000063289441909e+00 -8.073191157508132583e-05 -1.669407507917802791e-04 7.473439877311432175e-04 8.067830945597274429e-05 9.999997817920665000e-01 2.165029278468066920e-03
9.999998106831278211e-01 -9.108823054392441122e-05 -7.374530542667516843e-04 3.493574270942989557e-02 9.105726633508361839e-05 1.000000063843876186e+00 -4.214773478855728507e-05 -3.393091443594908191e-03 7.374227718199566350e-04 4.207530211340686856e-05 9.999997920012519970e-01 2.935560673292814116e-03
9.999998434234994571e-01 -3.181152084682472214e-04 -6.231666875449125807e-04 5.081352437746300410e-02 3.180507507750769333e-04 1.000000013551118450e+00 -1.025695155067345626e-04 -3.625666289556097460e-03 6.231686781831202379e-04 1.023630099312607383e-04 9.999998665894903604e-01 1.739454321277200677e-03
9.999998924329442929e-01 -4.021195086865510964e-04 -4.908021968499562925e-04 6.583119787328395311e-02 4.020655636447203682e-04 9.999999849494113358e-01 -1.077448230589903781e-04 -1.658040166115169745e-03 4.908190690470249111e-04 1.075419345223634440e-04 9.999999432344424122e-01 3.180699014143195669e-03
9.999998558960283557e-01 -2.225756767035851785e-04 -6.621646950680045883e-04 8.916499580702019756e-02 2.225168349935923578e-04 1.000000048770039562e+00 -8.701269801819855277e-05 4.348767008079020002e-04 6.621513877219892090e-04 8.686031016119589911e-05 9.999998470526094696e-01 4.334129130191488599e-03
9.999981229514522951e-01 -2.898448682595606424e-04 -1.967719431899362346e-03 1.188711607554604477e-01 2.899020131047142304e-04 1.000000035248358898e+00 2.944825787745006604e-05 -2.033451727105117790e-03 1.967634213545503118e-03 -3.001896513065172112e-05 9.999981343485463414e-01 4.432362353097518692e-03
9.999912228163401196e-01 -1.569492201567501482e-04 -4.212122772189426552e-03 1.622370630182383699e-01 1.587638552974536543e-04 9.999999725822512620e-01 4.314222768798127417e-04 -3.430107051624647213e-03 4.211902101885415910e-03 -4.320751190005936936e-04 9.999911120835374145e-01 5.053445908409059939e-03
9.999809149554753640e-01 -3.534924603257135920e-04 -6.185471300863808371e-03 2.163799283271434781e-01 3.567901290986155369e-04 9.999998728415478988e-01 5.326704747651390482e-04 -4.703645695994924242e-03 6.185062824072410856e-03 -5.348522301119746627e-04 9.999808055263742501e-01 5.201452038854359472e-03
9.999816240444960869e-01 -5.934263141317203984e-04 -6.051317396273989818e-03 2.745378575197445770e-01 5.962614045752238565e-04 9.999997916771925510e-01 4.676143331791977041e-04 -7.811023929090148837e-03 6.050823561668896601e-03 -4.712014955741065220e-04 9.999816609978010584e-01 1.381885799244697566e-03
9.999909098505350702e-01 -6.116423332926835144e-04 -4.246655326618736619e-03 3.353586265592360949e-01 6.110942625365172257e-04 9.999998840131201217e-01 -1.286263683925249388e-04 -7.141813865251155774e-03 4.246579296794161622e-03 1.260222393289248902e-04 9.999910590383591646e-01 -1.129613650009630987e-03
9.999944195613659215e-01 -6.443718189296448280e-04 -3.314277193209254173e-03 4.015291948784402987e-01 6.433034339525973977e-04 9.999998214666275809e-01 -3.202261474081314436e-04 -8.512916095937862401e-03 3.314359978336574308e-03 3.180770757003005718e-04 9.999945467208825045e-01 4.008205649088214528e-03
9.999922266259260173e-01 -2.990724382436883537e-04 -3.963279005403601285e-03 4.816431749413114805e-01 2.998358754190315681e-04 1.000000017523298590e+00 1.959598697355650876e-04 -7.048837738269041892e-03 3.963074116203076265e-03 -1.971465808065432808e-04 9.999922237751053267e-01 1.108781809968584220e-02
9.999880843583022205e-01 -2.440733612749187054e-04 -4.901943535584060360e-03 5.672002405522951207e-01 2.491586735692856089e-04 9.999995107782260195e-01 1.040940490472120348e-03 -7.039578206814459116e-03 4.901509104454710580e-03 -1.042120359213166269e-03 9.999875455475607522e-01 1.573856371171777901e-02
9.999869570612677228e-01 -1.866219097487994472e-04 -5.129499548244679727e-03 6.587497200950698240e-01 1.930377304469226354e-04 9.999992803122643714e-01 1.254402079853815131e-03 -5.263258948272005883e-03 5.129074832605217370e-03 -1.255339603540359898e-03 9.999861604315005703e-01 1.345126510566396760e-02
9.999867423988276771e-01 -2.656521919961378031e-04 -5.167964383609998519e-03 7.642935813262135003e-01 2.713107417800647569e-04 9.999994485722552007e-01 1.098780833648106432e-03 -4.163622535169022448e-03 5.167480189335433086e-03 -1.100138409629800203e-03 9.999861490042823986e-01 7.302403214630492911e-03
9.999868219428663663e-01 -1.775361675465480084e-04 -5.156674831466805976e-03 8.749544084628489982e-01 1.808960657848522266e-04 9.999998619293515301e-01 6.562088178134920869e-04 -4.012001234016442791e-03 5.156369464302287646e-03 -6.571174539382803334e-04 9.999866012888921629e-01 8.579491032701946907e-03
9.999864186250714271e-01 -5.327778341795221954e-05 -5.237184657410252735e-03 9.913590739076769687e-01 5.493196495991951173e-05 1.000000042920051957e+00 3.205443824504096385e-04 -9.370370616725277879e-03 5.236976287854552652e-03 -3.208231015594334174e-04 9.999863494382220663e-01 1.246367767221556733e-02
9.999919703932502735e-01 1.306854648038724333e-04 -4.038971519390008140e-03 1.116450619640946051e+00 -1.310566318244773404e-04 1.000000084177239623e+00 -8.497274345990788022e-05 -6.823346866826059814e-03 4.038810043421645936e-03 8.549286480396025548e-05 9.999919564432279140e-01 1.799696412426343706e-02
9.999954562284752990e-01 3.365640909893902557e-04 -3.041486983575945012e-03 1.245647873928753313e+00 -3.369405790580801141e-04 1.000000034364478818e+00 -1.141634970524952708e-04 -7.606779523437150539e-03 3.041332166702508891e-03 1.151806378813936935e-04 9.999954867210147924e-01 2.292339756408368068e-02
9.999943243823211647e-01 2.950737031749773643e-04 -3.397399031645955119e-03 1.380805403936918196e+00 -2.945312898976620852e-04 1.000000040402928780e+00 1.684055947207662568e-04 -1.343507558070976791e-02 3.397320158033863020e-03 -1.674023646757021597e-04 9.999943339383851049e-01 2.620879088961802772e-02
9.999927847140716031e-01 3.203177344187459544e-04 -3.822409732749575129e-03 1.520610768692182591e+00 -3.188236322876659978e-04 9.999999677875962556e-01 3.992428623151796671e-04 -1.522771092335740636e-02 3.822394527522272184e-03 -3.980116511087783112e-04 9.999927367658770772e-01 3.091925320910093866e-02
9.999944815162217227e-01 5.274861885021869205e-04 -3.325013049513807044e-03 1.676543744198383257e+00 -5.265456484903618950e-04 9.999999204317159274e-01 2.931738131461356913e-04 -1.751387719600667331e-02 3.325042967193943266e-03 -2.914095961387231986e-04 9.999945548547032326e-01 3.517201560385863068e-02
9.999967571119821041e-01 4.387209146506893627e-04 -2.569664903055561035e-03 1.844354062818691409e+00 -4.392314713778404031e-04 9.999999899358249511e-01 -1.843544646883560356e-04 -1.576004462796916014e-02 2.569486043875206151e-03 1.854805441851390009e-04 9.999968137578483240e-01 3.805206703257812961e-02
9.999982777491803754e-01 1.425528463906554247e-04 -1.932935152203988987e-03 2.021519336143474899e+00 -1.435350761120873092e-04 9.999999737073211881e-01 -4.894061531003605784e-04 -1.984859078541054492e-02 1.932788776510455282e-03 4.896699293859917536e-04 9.999981454394084590e-01 3.314613847117797718e-02
9.999992099205825546e-01 1.080638130645072942e-04 -1.372851503260926224e-03 2.195004574696526323e+00 -1.090096502847056129e-04 9.999998790340226540e-01 -6.620925624696248884e-04 -2.291930303490844964e-02 1.372722059650508539e-03 6.622226843340665902e-04 9.999989738610869372e-01 3.487628620258020895e-02
9.999990440569951344e-01 4.214067815359642376e-04 -1.432634963412641668e-03 2.366181315765451210e+00 -4.218813277156356970e-04 9.999999699640270689e-01 -3.044449463200039267e-04 -2.468690771409431592e-02 1.432445810787183992e-03 3.050412909804253920e-04 9.999990640897860050e-01 4.250986131525080758e-02
9.999993618735971701e-01 7.386294428726561693e-04 -1.024775289937894344e-03 2.540423923841143683e+00 -7.385988366745768752e-04 9.999998308279616221e-01 6.736041550017398609e-05 -2.171054722476671237e-02 1.024777790200761965e-03 -6.659836451435868104e-05 9.999996094770049471e-01 5.318405772130652132e-02
9.999999286311773705e-01 6.779798846223912849e-04 -9.065922132874351409e-05 2.728038588329753544e+00 -6.780102273922731376e-04 9.999998722298065745e-01 8.877393386945416434e-05 -1.931379444289028566e-02 9.070382182330340864e-05 -8.870661244384916229e-05 1.000000131604850351e+00 5.656454016475898072e-02
9.999993120651955447e-01 6.792704734797910121e-04 1.118813503458694625e-03 2.930274385615393218e+00 -6.793822744403524641e-04 9.999998743409551638e-01 6.257729703864310655e-05 -1.973422181288399246e-02 -1.118746347902173756e-03 -6.333544523179053878e-05 9.999995177682341474e-01 5.791686688103347969e-02
9.999975860837847508e-01 8.854215116089813676e-04 2.094768876311152439e-03 3.117451247937061520e+00 -8.860123598575381232e-04 9.999996814441123316e-01 2.620950999111956400e-04 -2.339670889872005194e-02 -2.094479638279074778e-03 -2.639394507485105464e-04 9.999979205593835241e-01 5.987730847791383759e-02
9.999970284334708248e-01 8.972474888596950176e-04 2.342095635796931797e-03 3.302071318461767824e+00 -8.978010732098168356e-04 9.999996816053152715e-01 2.187770385121335552e-04 -2.661825118754360814e-02 -2.341833621525545202e-03 -2.208698292841683019e-04 9.999973840966996930e-01 6.855536818605889593e-02
9.999969214033156417e-01 1.002610909718311015e-03 2.346506125469301120e-03 3.495680185393160500e+00 -1.002438100057214711e-03 9.999996030389137758e-01 -9.005252547482333334e-05 -3.052681707072939926e-02 -2.346530724768857660e-03 8.769928995699622710e-05 9.999973978600510405e-01 7.469272496902101821e-02
9.999959368457944642e-01 1.008525685900958776e-03 2.732343044427572656e-03 3.696505684589364904e+00 -1.007540022397057644e-03 9.999995337324207867e-01 -3.742177603792714137e-04 -3.272495223757179716e-02 -2.732641145232183114e-03 3.714528384295940700e-04 9.999963549315555866e-01 8.251494019712968253e-02
9.999947545900892409e-01 8.633734422669612964e-04 3.178888622530377014e-03 3.892995575837415956e+00 -8.610192253799857018e-04 9.999994615225920036e-01 -7.519560535004635215e-04 -3.413520168980024166e-02 -3.179445982119012346e-03 7.491924766797182457e-04 9.999948247304236704e-01 8.942219262062378604e-02
9.999966287155503952e-01 9.638655652720093782e-04 2.487074555474061855e-03 4.094509443917325520e+00 -9.611476182769832996e-04 9.999990402553661228e-01 -1.107387387026905791e-03 -3.779250616942565755e-02 -2.488073089103661015e-03 1.104956327709136991e-03 9.999964601583778423e-01 9.132086669332961648e-02
9.999991123615702415e-01 1.006149216879408765e-03 1.069780233239002541e-03 4.306303895172576723e+00 -1.004725991092262662e-03 9.999986818244066544e-01 -1.363036866993180352e-03 -4.209488268514864628e-02 -1.071131526415162669e-03 1.361915907250715310e-03 9.999986697784327694e-01 9.345145961640688448e-02
9.999996989315331763e-01 9.873206593780990779e-04 1.459101562166186515e-04 4.517303514428268052e+00 -9.871583306792150458e-04 9.999986916826116845e-01 -1.369205343843086240e-03 -4.142657296849153875e-02 -1.472749594033358829e-04 1.369013302450800169e-03 9.999992292794105397e-01 9.656975732657069322e-02
9.999996860267440502e-01 9.537165714691864943e-04 3.504212463955622765e-04 4.727354253386193861e+00 -9.530744470156509926e-04 9.999977687292637141e-01 -1.946289102587881467e-03 -4.201102147503210649e-02 -3.522828259907426402e-04 1.945887597459033296e-03 9.999982277334318326e-01 1.036031162176600517e-01
9.999994593053779246e-01 8.925303824457689501e-04 8.314109919184471025e-04 4.931132277705179590e+00 -8.907019843204478857e-04 9.999971946793244637e-01 -2.247509918526451045e-03 -4.599456002433589819e-02 -8.334045587380130423e-04 2.246690979043150342e-03 9.999973129598922483e-01 1.082750791247963917e-01
9.999989791848997722e-01 1.255206007644108683e-03 9.355803628259178398e-04 5.135380051203902063e+00 -1.253106535835889039e-03 9.999967205564529449e-01 -2.285708788116516503e-03 -4.852368581853835905e-02 -9.384332062228278957e-04 2.284456941974591457e-03 9.999971350622833821e-01 1.128062484098244500e-01
9.999993895137986311e-01 1.103941952893280985e-03 6.425586083895865356e-04 5.345287949153723517e+00 -1.102723300133071939e-03 9.999975912408023415e-01 -1.959469198697022518e-03 -4.625591953509428783e-02 -6.447159885039435451e-04 1.958693875841166585e-03 9.999980595070362410e-01 1.172225832314452987e-01
9.999996210203769831e-01 1.073861345908839289e-03 1.315435488468969102e-04 5.561501729814470885e+00 -1.073671164083314644e-03 9.999979893951983501e-01 -1.762706278041198740e-03 -4.411490393078576489e-02 -1.334494234922873289e-04 1.762505175043965365e-03 9.999986247398637840e-01 1.180672111986269535e-01
9.999995845288205398e-01 1.097495404369802164e-03 2.131744393453818007e-04 5.777073800190684061e+00 -1.097179140988215236e-03 9.999981162237054910e-01 -1.674184425431390856e-03 -4.829838233478500609e-02 -2.150220728796940761e-04 1.673894189195819808e-03 9.999987661664819782e-01 1.208198743808681641e-01
9.999988657098405342e-01 9.344782576924504742e-04 1.349167789903763567e-03 5.993759643034783480e+00 -9.317648067486911448e-04 9.999976001329595743e-01 -2.042354652627845994e-03 -5.004143799478340954e-02 -1.351045431738471950e-03 2.041026270259485836e-03 9.999971975169718030e-01 1.277185024564784221e-01
9.999972561274783622e-01 7.885226200780650089e-04 2.302441822166526389e-03 6.209084844848076656e+00 -7.830819063514050937e-04 9.999969752885609076e-01 -2.382814413428901816e-03 -5.104488566281330242e-02 -2.304254621787583598e-03 2.380921640772422788e-03 9.999947086727223322e-01 1.321956864041102797e-01
9.999969423557675263e-01 7.994883890196008208e-04 2.431773863103402038e-03 6.421292562437439955e+00 -7.950172996944839324e-04 9.999980785642106351e-01 -1.858409580820083971e-03 -5.561315411930461972e-02 -2.433191647403773299e-03 1.856404997186538721e-03 9.999955162029980915e-01 1.363862483895101896e-01
9.999982740451172081e-01 5.607277115053008708e-04 1.893085529821526359e-03 6.633084455527106016e+00 -5.579577302163860400e-04 9.999988571408314764e-01 -1.489178333676353331e-03 -5.500059510732113743e-02 -1.893873279379093772e-03 1.488066400197191703e-03 9.999973036197268295e-01 1.435989631163716584e-01
9.999988459391488949e-01 1.120016249063382038e-05 1.661885458060297690e-03 6.852739627680608514e+00 -8.801530669643765903e-06 9.999990371576329418e-01 -1.473305474747178909e-03 -5.589931359194690030e-02 -1.661862541690429336e-03 1.473239492715589785e-03 9.999977412078179251e-01 1.515213846130054609e-01
9.999984165388829949e-01 -1.299842005288409901e-04 1.900091651124720350e-03 7.067749065035254574e+00 1.325474651361875991e-04 9.999991692370289176e-01 -1.375059461911286003e-03 -5.865606195267002165e-02 -1.899865875527790605e-03 1.375265256220327371e-03 9.999974595208133143e-01 1.526170976956611192e-01
9.999971139702389378e-01 -3.873277195878254428e-04 2.467299162795364049e-03 7.287872765197447755e+00 3.918084897431700631e-04 9.999983600850100851e-01 -1.837029072492720816e-03 -5.552221795036774155e-02 -2.466519160639056660e-03 1.837930520344492526e-03 9.999954822382084441e-01 1.538498344663128403e-01
9.999957678423292418e-01 -1.139876887704774442e-03 2.763668408536359197e-03 7.503059020953974034e+00 1.146924885237795080e-03 9.999961683066322937e-01 -2.569529058075234809e-03 -5.959094042808379954e-02 -2.760656748488224312e-03 2.572599733120196561e-03 9.999930950369620986e-01 1.583793511080133776e-01
9.999971687657838171e-01 -1.353253811954959439e-03 2.075137375638113832e-03 7.712419583270533785e+00 1.359273439558752496e-03 9.999949160362368028e-01 -2.928309935664309520e-03 -6.181744583050888253e-02 -2.071115299748709036e-03 2.931021645806698717e-03 9.999937757103617431e-01 1.680421508040834677e-01
9.999983273483034063e-01 -1.579160941220625987e-03 1.153332076688296307e-03 7.926495774040445141e+00 1.581903476436841323e-03 9.999959265311690881e-01 -2.428896520882788124e-03 -6.395165605422467592e-02 -1.149474088410024249e-03 2.430633328170993604e-03 9.999966034072690357e-01 1.769459948512348557e-01
9.999971696421158240e-01 -2.467471393750290780e-03 2.369396942055096216e-04 8.147960944782761672e+00 2.467759034385751983e-03 9.999960130364721200e-01 -1.462830419950099901e-03 -6.277112862172953833e-02 -2.333421636125097062e-04 1.463361626072304288e-03 9.999991227161945107e-01 1.802723650263957644e-01
9.999943874808493449e-01 -3.422175770876905668e-03 -5.639783068743947528e-07 8.364986787546744296e+00 3.422118115391172347e-03 9.999939939812675371e-01 -7.490304628409759705e-04 -6.089872160653021782e-02 3.108400256894062165e-06 7.489989036960719273e-04 9.999999411054218967e-01 1.811740431383359606e-01
9.999912263830705861e-01 -4.243377662038003845e-03 -1.842968960734079644e-04 8.579896506121647448e+00 4.243236154497104402e-03 9.999910234291523592e-01 -4.609607915541391338e-04 -6.212281582294498783e-02 1.862263780202657812e-04 4.601559086858310766e-04 1.000000099602699866e+00 1.784492390486223101e-01
9.999845746549247405e-01 -5.555348337865620781e-03 -6.994217091226627003e-04 8.793642791597275021e+00 5.554980756856889822e-03 9.999846071825713167e-01 -4.465461919860324626e-04 -6.245486366768655817e-02 7.018482500891752053e-04 4.426372611769283484e-04 9.999998789053800019e-01 1.813778779208536918e-01
9.999783081968280918e-01 -6.510946377812822788e-03 -1.222420248483473268e-03 9.011010216374446102e+00 6.510567883260372050e-03 9.999789074874055883e-01 -2.683604634852835582e-04 -6.646404781445931775e-02 1.224079284023021127e-03 2.603867350994688553e-04 9.999994411926395044e-01 1.920823123549331157e-01
9.999746576485666338e-01 -6.964248821482115978e-03 -1.639592780709733886e-03 9.229095462490807478e+00 6.964160191325929547e-03 9.999758878327377198e-01 -2.610702324229248250e-05 -6.743103871574183950e-02 1.639659099658426602e-03 1.468709222050392838e-05 9.999988800574159953e-01 1.993858393256551231e-01
9.999660672677500584e-01 -8.118140794198418220e-03 -1.572064019373661499e-03 9.441019215736696779e+00 8.117807165601349795e-03 9.999671724848135934e-01 -1.822289925943449242e-04 -6.461853163460674898e-02 1.573417264440237851e-03 1.694529006704726141e-04 9.999989752266557064e-01 2.014184189085532761e-01
9.999521732700173970e-01 -9.676083601052735614e-03 -1.595295819412946179e-03 9.647567267570392957e+00 9.674740619385318458e-03 9.999530134411257487e-01 -8.101163594661978497e-04 -6.627268800007680982e-02 1.602980663603479185e-03 7.946099695939510751e-04 9.999986296161906818e-01 2.052196472842018338e-01
9.999447977166411317e-01 -1.024175893230601722e-02 -2.456895930380271261e-03 9.854328508113795237e+00 1.023879770799651645e-02 9.999470179344225329e-01 -1.190821999213600643e-03 -6.694826716988014348e-02 2.468854092348467776e-03 1.165550552240963685e-03 9.999965054055228730e-01 2.118612444115379745e-01
9.999345180043367476e-01 -1.086879134217139282e-02 -3.656067288253084420e-03 1.007290064949931541e+01 1.086581978532807913e-02 9.999407790848499067e-01 -8.148608293309838116e-04 -6.577129132042497384e-02 3.664558238363567651e-03 7.750414045812590875e-04 9.999932215103741751e-01 2.182092502155532632e-01
9.999181018911377228e-01 -1.201719416536936418e-02 -4.462884202647659365e-03 1.029265477802516138e+01 1.201731206934845801e-02 9.999279365515731932e-01 1.394737238299532687e-05 -6.201269662100905578e-02 4.462219906050409954e-03 -6.758844449623942099e-05 9.999902804508766785e-01 2.199893458844293104e-01
9.999054832293179373e-01 -1.299615925725162296e-02 -4.546267335302581376e-03 1.049730501828914164e+01 1.299915765530831879e-02 9.999154473851830094e-01 6.443882311829253126e-04 -6.339335740238687122e-02 4.537330929890258553e-03 -7.034141510589897233e-04 9.999896993941378431e-01 2.223200465307102469e-01
9.999007385333287257e-01 -1.343564344062181740e-02 -4.306201303807674283e-03 1.070463123277333217e+01 1.343750718135828734e-02 9.999097729965231718e-01 4.188488395960308138e-04 -6.138852774852281147e-02 4.300016205735410733e-03 -4.766674957215428707e-04 9.999908829594280624e-01 2.247210593575976745e-01
