1.000000000000000000e+00 0.000000000000000000e+00 0.000000000000000000e+00 0.000000000000000000e+00 0.000000000000000000e+00 1.000000000000000000e+00 0.000000000000000000e+00 0.000000000000000000e+00 0.000000000000000000e+00 0.000000000000000000e+00 1.000000000000000000e+00 0.000000000000000000e+00
9.999999886644836966e-01 -1.397102351319336471e-04 -5.614341095482376062e-05 1.105176949005935196e-02 1.397067241566114326e-04 9.999999882857089073e-01 -6.253489597405853073e-05 5.092694476201713519e-03 5.615214706216399451e-05 6.252705165316573260e-05 9.999999964686521192e-01 -4.744116642012576393e-03
9.999999777152163150e-01 -1.846329001908678417e-04 -1.023731358109039764e-04 1.261961417739743303e-02 1.846295083295070515e-04 9.999999824068158683e-01 -3.314079892084495081e-05 3.373341437160034054e-03 1.023792528916539512e-04 3.312189708057850575e-05 9.999999942107142825e-01 -9.227436500614062675e-03
9.999999773869889808e-01 -8.379539204654733241e-05 -1.954593403122020161e-04 9.088284837948816530e-03 8.377709803206588482e-05 9.999999921100974909e-01 -9.360129716582172199e-05 5.499361387806890253e-03 1.954671821274389480e-04 9.358492003289995277e-05 9.999999765172215005e-01 -2.224327094626834048e-03
9.999999977044193855e-01 -2.075817234770435565e-05 -6.450007294797222989e-05 5.229404595871306287e-03 2.076360219673513953e-05 9.999999962409565901e-01 8.418408148956381409e-05 5.929127389876189674e-03 6.449832519784116751e-05 -8.418542055016883460e-05 9.999999943763905330e-01 1.186482009877934396e-03
9.999999938817295542e-01 -7.365107605109803975e-05 8.253520316003514943e-05 8.182840584056985320e-03 7.364352780084950690e-05 9.999999931063776604e-01 9.145422568607926316e-05 5.510260909396882782e-03 -8.254193829319981829e-05 -9.144814694300910734e-05 9.999999924120324124e-01 -6.713863674550971106e-04
9.999999879000914804e-01 -1.409862602440742102e-04 -6.574717772080460433e-05 1.548526741361213807e-02 1.409690323326648505e-04 9.999999557513560289e-01 -2.619637719521920958e-04 7.700636134986306273e-03 6.578410810410812272e-05 2.619545004664325166e-04 9.999999635261447306e-01 -5.550300077523360326e-03
9.999999940528784270e-01 4.035886846334080837e-05 -1.013183347503094977e-04 8.508157672567816243e-03 -4.038925110435439371e-05 9.999999542176634115e-01 -2.998889451940896624e-04 4.380776892851986209e-03 1.013062269332267086e-04 2.998930355822773284e-04 9.999999499006065884e-01 -4.421666037874540621e-03
9.999999886768597968e-01 1.502572858371487041e-04 -8.308331498038602943e-06 5.388102582182720951e-03 -1.502579306521422591e-04 9.999999856953845079e-01 -7.766456776553615823e-05 4.038735781325819910e-03 8.296661712032949300e-06 7.766581527882742233e-05 9.999999969495932950e-01 -1.755081086943233127e-03
9.999999987037871962e-01 -5.074469081475094429e-05 -4.171561410381042423e-06 9.638612735108667909e-03 5.074521784535827819e-05 9.999999907194232485e-01 1.264360556728051047e-04 6.126726175243054316e-03 4.165145413113593505e-06 -1.264362671957096026e-04 9.999999919982609509e-01 1.275136786121879896e-03
9.999999905484547869e-01 -1.365306571165921196e-04 1.620092308794718249e-05 1.073283728401305120e-02 1.365274528665516346e-04 9.999999711535924041e-01 1.976184936820795822e-04 1.161021590158927731e-03 -1.622790360340955370e-05 -1.976162799435161898e-04 9.999999803422303657e-01 8.449407613623934575e-04
9.999999855684489347e-01 -1.667312630497797259e-04 -3.261575896969550728e-05 9.224396802949718158e-03 1.667315259594479915e-04 9.999999860678312480e-01 8.058264169113150404e-06 4.516042307152873941e-03 3.261441495072434451e-05 -8.063702128083242659e-06 9.999999994356383315e-01 -1.600285854502026765e-03
9.999999854737179339e-01 -9.885993669488366855e-05 -1.388498353199419310e-04 1.019447604090296250e-02 9.884979468983568082e-05 9.999999924463583989e-01 -7.304793838667775002e-05 6.587277163430087061e-03 1.388570557856846541e-04 7.303421204784870042e-05 9.999999876923608699e-01 -2.540332961417012154e-03
9.999999939525053838e-01 9.402926437825094412e-05 -5.703934279154105697e-05 3.140084354767402539e-03 -9.402705907526566129e-05 9.999999948319924226e-01 3.866428962086220601e-05 -1.454567169191650633e-04 5.704297807147205970e-05 -3.865892614538584765e-05 9.999999976257930578e-01 -4.096450286751330758e-03
9.999999912043500139e-01 5.154143658657552626e-05 -1.222079384293023828e-04 6.248239123355404934e-03 -5.151364756359765366e-05 9.999999728215315242e-01 2.273835530958435676e-04 2.302546549889809835e-03 1.222196547828605171e-04 -2.273772557191876752e-04 9.999999666809692433e-01 -1.921430686754980154e-03
9.999999695402419508e-01 -1.384958191279562275e-04 -2.042998367709846863e-04 8.898216093853559064e-03 1.385315805990517790e-04 9.999999750849491997e-01 1.750402871224928324e-04 1.051479352642883600e-02 2.042755893328984456e-04 -1.750685837701120690e-04 9.999999638112366807e-01 1.314328840719573626e-03
9.999999825571777023e-01 -1.341036740581522850e-04 -1.300071111734953132e-04 1.527190173894166399e-02 1.341202485451350990e-04 9.999999828791892309e-01 1.274887455091993597e-04 8.484930948905523504e-03 1.299900122384943372e-04 -1.275061798714990653e-04 9.999999834223852746e-01 3.028540442203617178e-04
9.999999790366789210e-01 -1.507704945922435931e-04 -1.385456592848862691e-04 1.425764778932006940e-02 1.507771072235995974e-04 9.999999874945474376e-01 4.771969078279094208e-05 6.608426886479151947e-03 1.385384628309289988e-04 -4.774057929615310058e-05 9.999999892639656052e-01 -1.710169167792160907e-03
9.999999905867753558e-01 -3.462037411889682249e-05 -1.327700226969919547e-04 9.272674731190623520e-03 3.462025758207734854e-05 9.999999994003316850e-01 -8.800325903227306681e-07 2.155884004491095268e-03 1.327700530844314812e-04 8.754360496538379906e-07 9.999999911856732870e-01 -2.530559144640364723e-03
9.999999806165394967e-01 1.968923970871339513e-04 -5.519166036503399795e-07 5.580296522145208361e-03 -1.968924163595469354e-04 9.999999799993041227e-01 -3.513926096307892901e-05 -3.960851642752493199e-03 5.449979392887328965e-07 3.513936895015217838e-05 9.999999993824638667e-01 -2.820990763924332428e-03
9.999999901558077608e-01 9.062186249850680416e-05 -1.071263854395152019e-04 6.820595833975577442e-03 -9.061576651772826308e-05 9.999999942751282012e-01 5.690805298803541188e-05 2.271978238153926286e-03 1.071315419399833016e-04 -5.689834508829072333e-05 9.999999926427054486e-01 -1.084179585148840191e-03
9.999999934351615494e-01 -8.943937048230974284e-05 -7.162594476886994133e-05 8.730759652385065503e-03 8.944121261474472526e-05 9.999999956694785030e-01 2.571599708640732602e-05 9.285384192907572554e-03 7.162364443610151653e-05 -2.572240322894076207e-05 9.999999971042057290e-01 -4.948514383887070997e-04
9.999999961477518129e-01 -7.228659622965267768e-05 4.979100589249586708e-05 4.906882193350938989e-03 7.229212763121721844e-05 9.999999912153696435e-01 -1.110995447712899697e-04 3.864665459689473753e-03 -4.978297444716611102e-05 1.111031438410598279e-04 9.999999925888733987e-01 -2.515196243278084668e-03
9.999999922280589093e-01 -1.166244830938192205e-04 -4.407507425796827825e-05 6.353381532728451589e-03 1.166170493012996269e-04 9.999999789826984342e-01 -1.686270041205346665e-04 5.143459847501303042e-03 4.409473936882036106e-05 1.686218629048678234e-04 9.999999848111605916e-01 -1.435640311351379320e-03
9.999999980063999372e-01 -4.957549233939500724e-05 -3.910844722147325246e-05 7.747004352340714807e-03 4.957830029164065976e-05 9.999999961932739545e-01 7.180142210096968178e-05 5.068015459709890314e-03 3.910488748174678023e-05 -7.180336088816665773e-05 9.999999966575425780e-01 -1.512762873824235804e-03
9.999999917510703495e-01 1.218856704742290838e-05 -1.278643740614341653e-04 5.014906004100591792e-03 -1.215250911812839786e-05 9.999999601646194503e-01 2.819983616872982681e-04 -1.739022906359129032e-03 1.278678061238468612e-04 -2.819968054881419675e-04 9.999999520638117589e-01 -2.293807785982435090e-03
9.999999934045128436e-01 -1.055164147371985339e-04 -4.535703446471983495e-05 5.227208722091102738e-03 1.055165756526406650e-04 9.999999944268412877e-01 3.545372190646985886e-06 -3.645177655030289871e-04 4.535666011697542233e-05 -3.550158086222004913e-06 9.999999989650848464e-01 1.000628770541382370e-04
9.999999886972812391e-01 -1.438978629433854584e-04 4.357570900653172331e-05 2.494732148352503832e-03 1.439045096267001439e-04 9.999999780073790534e-01 -1.525671445219635609e-04 2.385403221279841588e-03 -4.355375396213558470e-05 1.525734135385762441e-04 9.999999874122119659e-01 -4.745569174047885308e-04
9.999999997723099110e-01 -1.007862273926657393e-05 1.880961301520481317e-05 9.930841637160708890e-03 1.007978840872797815e-05 9.999999980288762913e-01 -6.197294073025028571e-05 4.856562136481437295e-03 -1.880898837623907167e-05 6.197313031305891177e-05 9.999999979027764940e-01 -2.490903407501477047e-03
9.999999952634532896e-01 2.055295948427741554e-05 -9.513500491747231623e-05 1.176046825388505149e-02 -2.055793093474542533e-05 9.999999984233350903e-01 -5.225611228854599728e-05 8.633776831008967492e-03 9.513393074971762610e-05 5.225806781989305282e-05 9.999999941093147271e-01 -1.677967949287267977e-03
9.999999886738157873e-01 7.570023298740034016e-06 -1.503165431137895667e-04 7.683115822255046946e-03 -7.556342155131717541e-06 9.999999958295024971e-01 9.101591440750401584e-05 2.922433744478035098e-03 1.503172314794873972e-04 -9.101477753340966610e-05 9.999999845605199722e-01 -2.489059013062787460e-04
9.999999930529348546e-01 -1.747483099181175513e-05 -1.165708393215937161e-04 4.373551389615933094e-03 1.748319504776300399e-05 9.999999972731226094e-01 7.175020952710653042e-05 1.446804234049134993e-03 1.165695851809342285e-04 -7.175224705937389503e-05 9.999999906315734099e-01 1.282918899392597369e-03
9.999999842899551794e-01 -1.407110417676729402e-04 -1.077983860982233122e-04 6.293429689136605110e-03 1.407000298510874270e-04 9.999999848840652739e-01 -1.021536630460257269e-04 9.232583003283868772e-03 1.078127586170975433e-04 1.021384942050451770e-04 9.999999889720684321e-01 3.431737114807154911e-04
9.999999935090704284e-01 -1.105248066343039487e-04 2.767898551356225527e-05 6.203699921636531001e-03 1.105287472876455377e-04 9.999999837515614054e-01 -1.424088235056815432e-04 5.796372881121210005e-03 -2.766324535614097540e-05 1.424118819049108905e-04 9.999999894768003550e-01 -3.000512618767145045e-03
9.999999984867520286e-01 -4.288750298292992846e-05 3.445516104320721335e-05 3.129100131066070434e-03 4.288964002511039291e-05 9.999999971566568835e-01 -6.202551829636547825e-05 -3.720536786570344430e-04 -3.445250082563841549e-05 6.202699597195964170e-05 9.999999974828385207e-01 -3.132628018239936619e-03
9.999999975708329103e-01 -6.093479662767715743e-05 -3.384205453368976441e-05 4.823230563528214943e-03 6.093620368080576304e-05 9.999999972790417635e-01 4.157758519130476838e-05 4.861718942976971797e-04 3.383952091990904796e-05 -4.157964729663391227e-05 9.999999985630099175e-01 -2.567037343105126219e-04
9.999999893070791179e-01 -5.049349846891983991e-05 -1.372452118557071629e-04 9.370292401252307973e-03 5.051506088258142670e-05 9.999999863823771928e-01 1.571097513560138945e-04 2.934280280888668276e-03 1.372372769657640855e-04 -1.571166826262844691e-04 9.999999782401386428e-01 2.040353084775807860e-03
9.999999831904647918e-01 -6.585186522775934284e-05 -1.711215997178604047e-04 3.918352455155236364e-03 6.587827030716011370e-05 9.999999859250278123e-01 1.543048856741237405e-04 6.648620085325483708e-04 1.711114360447932314e-04 -1.543161562753319672e-04 9.999999734536998419e-01 -3.820018856834925605e-04
9.999999956174820959e-01 -2.262750567278389090e-05 -9.084619822910429139e-05 6.545486032672158047e-03 2.263482236252124726e-05 9.999999965005602620e-01 8.053908546597564170e-05 1.242552228025388351e-03 9.084437551258024528e-05 -8.054114140057087206e-05 9.999999926302119979e-01 -2.496193558671326064e-03
9.999999979840247244e-01 3.727327323380537333e-05 -5.140674724360654572e-05 3.401230347447715442e-03 -3.727563862345625959e-05 9.999999982466641901e-01 -4.601302326095842778e-05 1.175970533130424930e-03 5.140503209748494142e-05 4.601493938753037257e-05 9.999999976200739660e-01 -3.481604137070893820e-03
9.999999934002314905e-01 -1.104389119981618607e-04 -3.166676161287515430e-05 6.098284790626332455e-03 1.104400572592685408e-04 9.999999932474866737e-01 3.616656423801684278e-05 2.673402278359355601e-03 3.166276720303976146e-05 -3.617006127829163246e-05 9.999999988445978927e-01 -2.604788272333095987e-03
9.999999849992227130e-01 -1.679846376686498809e-04 -4.222221865702459846e-05 8.453001890085862571e-03 1.679841931880155621e-04 9.999999858352096593e-01 -1.053049969305061516e-05 4.768726339832117349e-03 4.222398702113112613e-05 1.052340686974922705e-05 9.999999990531963645e-01 9.094005501440781750e-05
9.999999981794946979e-01 -3.053082839594397138e-05 -5.204689270208916007e-05 2.193058237540785119e-03 3.053169284668170221e-05 9.999999993959890476e-01 1.660836124322324591e-05 3.042446481077801159e-03 5.204638560362520502e-05 -1.660995029272923851e-05 9.999999985076416520e-01 1.503362269223063822e-03
9.999999892609895413e-01 1.133051867643697439e-04 -9.295136053145343119e-05 5.752711576971735775e-03 -1.132939297212045247e-04 9.999999862492571223e-01 1.211031418482217222e-04 -1.053002069125003395e-03 9.296508086740804086e-05 -1.210926097227862697e-04 9.999999883470367390e-01 -4.871103937673262711e-04
9.999999975435526212e-01 -5.621704321061527589e-05 -4.186333494919587038e-05 9.337425728698875438e-03 5.621958949507146851e-05 9.999999965698358473e-01 6.082504397957308381e-05 3.495305939471698986e-03 4.185991540147207171e-05 -6.082739736966530185e-05 9.999999972738875531e-01 -2.868552885975450030e-03
9.999999864462779664e-01 -1.631598653695412850e-04 -2.205225993868469052e-05 6.822255040732075858e-03 1.631590768775350057e-04 9.999999860504306115e-01 -3.575268074010312110e-05 7.966066640937820992e-03 2.205809303364131513e-05 3.574908222914656664e-05 9.999999991177218606e-01 -2.010203120743367898e-03
9.999999757490185548e-01 -2.123640873559342690e-04 -5.833915168308300304e-05 3.440203885113316158e-03 2.123614747910310845e-04 9.999999764484578391e-01 -4.478490516628604463e-05 7.260652085722065115e-03 5.834866101461898150e-05 4.477251509191866667e-05 9.999999972954277672e-01 -1.741303949885764698e-03
9.999999959463595767e-01 -5.161074862457456505e-05 -7.378083340658395334e-05 3.011637950452526746e-03 5.160752843643548796e-05 9.999999977158204878e-01 -4.364655833418425390e-05 1.418642995152737465e-03 7.378308586960580001e-05 4.364275051079871079e-05 9.999999963256832602e-01 -1.586716830878874768e-03
9.999999935059394884e-01 4.865394466224850736e-05 -1.030578217079674967e-04 4.021584337883995011e-03 -4.864749048051993156e-05 9.999999968555537411e-01 6.262838231628686185e-05 8.942613529928557931e-04 1.030608685017552200e-04 -6.262336840517388023e-05 9.999999927283855783e-01 -1.589928295566249428e-04
9.999999910296312189e-01 2.793569677726012943e-05 -1.309974590454602737e-04 1.088240259327692867e-03 -2.790674903923087883e-05 9.999999751954085081e-01 2.209760070192694497e-04 -6.939755871885353120e-05 1.310036289148489431e-04 -2.209723493238188383e-04 9.999999670046344491e-01 1.723064380329649998e-03
9.999999873908774761e-01 -1.068905275300995338e-04 -1.174421560519567077e-04 4.934276657249889522e-03 1.069111979990758414e-04 9.999999787946475260e-01 1.760133521566590686e-04 2.279287705583612437e-03 1.174233394014900436e-04 -1.760259058188842654e-04 9.999999776133197127e-01 1.033425470753653215e-03
9.999999920575016743e-01 -1.223715769107101739e-04 -3.016941588177906940e-05 2.374180431847758982e-03 1.223696030418008147e-04 9.999999903729961392e-01 -6.541932286082289346e-05 2.749847134144099616e-03 3.017742105703689903e-05 6.541563052178458733e-05 9.999999974050592932e-01 -2.892767970593503220e-03
9.999999954058005347e-01 -3.061622300890625629e-05 -9.083526724215023696e-05 6.213908250266585859e-03 3.061024828952772499e-05 9.999999973682660581e-01 -6.577598784878607458e-05 1.601288979873606707e-03 9.083728081540858978e-05 6.577320705651433118e-05 9.999999937112368231e-01 -1.822230797543897447e-03
9.999999921318727392e-01 1.983919709639996238e-05 -1.238654947770040024e-04 5.959287129623612803e-03 -1.984209078729716529e-05 9.999999995302921718e-01 -2.336037248257696148e-05 1.343927529864971529e-04 1.238650312677894855e-04 2.336283004916735699e-05 9.999999920558160227e-01 -6.022024876328828900e-04
9.999999959337735334e-01 -1.519614357156484037e-05 -8.889055203879096584e-05 7.235429631766107129e-03 1.519666182802780273e-05 9.999999998675386248e-01 5.829603607008470446e-06 2.150257559087316410e-03 8.889046343952301539e-05 -5.830954422963021190e-06 9.999999960322427661e-01 -1.763975866717059108e-04
9.999999993386000652e-01 -3.108096639913081831e-05 1.888844627708348390e-05 3.284453790820418377e-03 3.108190760897979621e-05 9.999999982753596806e-01 -4.983167387521192289e-05 2.892252886104402197e-03 -1.888689742792638008e-05 4.983226093119532454e-05 9.999999985800154256e-01 -1.863033406844599510e-03
9.999999909735303172e-01 -1.190469171718148668e-04 -6.229583335410191121e-05 2.769088609422104205e-03 1.190456832806233888e-04 9.999999927178386816e-01 -1.981029498160839940e-05 4.369214594863791642e-03 6.229819125499941920e-05 1.980287875274419697e-05 9.999999978633906661e-01 -1.029426597325430390e-03
9.999999880195814539e-01 -1.007467235723265406e-04 -1.175199330131830003e-04 4.500953106170990647e-03 1.007452679005582490e-04 9.999999948484090684e-01 -1.239244862985538325e-05 8.379396897314029397e-03 1.175211809063648821e-04 1.238060890425359213e-05 9.999999930177462248e-01 7.080752285657122141e-04
9.999999903682678104e-01 -2.853827310450932245e-06 -1.387635399936940463e-04 1.031728657085642306e-02 2.872069407057116790e-06 9.999999913547836794e-01 1.314617198146160145e-04 4.195937642907082016e-03 1.387631636250069621e-04 -1.314621170869299642e-04 9.999999817312479333e-01 3.936648295474950987e-04
9.999999961345060751e-01 -5.409149894186979511e-06 -8.775949523204102883e-05 5.141639776265269010e-03 5.421810185608893351e-06 9.999999895795946836e-01 1.442616185974941853e-04 -2.429552410988216303e-03 8.775871398483252881e-05 -1.442620938551768945e-04 9.999999857434280770e-01 1.360900836714311183e-04
9.999999941185683250e-01 -7.207661596682116124e-05 -8.104211732961401587e-05 8.431989667802579705e-03 7.208106692986555658e-05 9.999999958940553046e-01 5.492002422674910215e-05 -2.512034700053608627e-03 8.103815854736449260e-05 -5.492586550602410276e-05 9.999999952079831056e-01 5.562775440026117432e-05
9.999999747538748096e-01 -2.246736940009862312e-04 -3.739125781736583391e-06 1.987709523835257813e-02 2.246727707520607869e-04 9.999999447213361314e-01 -2.451111394114108060e-04 8.526092036150083667e-03 3.794195600175058577e-06 2.451102931435546672e-04 9.999999699532736708e-01 -2.678927414629014066e-03
9.999999586685546227e-01 -2.835388933235919199e-04 -4.762966508320558458e-05 4.003803625489670004e-02 2.835348606556670681e-04 9.999999562209612725e-01 -8.465257446605564608e-05 5.460962877665931012e-03 4.765366529530573652e-05 8.463906629678995784e-05 9.999999952826783556e-01 1.831437486956967800e-03
9.999999327766792012e-01 -3.612202443960934651e-04 -6.298072787839310762e-05 4.322197394035914159e-02 3.612323214087576951e-04 9.999999163521097190e-01 1.918514622872596507e-04 3.490467851171488028e-03 6.291142197809295204e-05 -1.918742000649027951e-04 9.999999796132219565e-01 5.465902603959568035e-03
9.999999701430953847e-01 -2.277276010074182544e-04 -8.862250293476423512e-05 2.052027486928710912e-02 2.277471531469029689e-04 9.999999497168390317e-01 2.206752221580649041e-04 6.805539902470860401e-03 8.857224463960081855e-05 -2.206953990921340150e-04 9.999999717242487041e-01 3.408973899715837461e-03
9.999999970341021394e-01 -4.130832686330019129e-05 -6.500321450608773858e-05 -5.757609460754526884e-03 4.130651352840653256e-05 9.999999987577598004e-01 -2.789717560084431473e-05 7.819189170605008246e-03 6.500436681098640060e-05 2.789449046194475719e-05 9.999999974981648165e-01 2.062719159669273213e-03
9.999999940026234047e-01 1.086725736444440181e-04 1.360238424246352841e-05 -1.007420969881108949e-02 -1.086726760115945545e-04 9.999999940668107268e-01 7.525164169951287783e-06 6.842189327426102113e-03 -1.360156638280056277e-05 -7.526642332315811046e-06 9.999999998791735401e-01 -4.113557027051966894e-03
9.999999825636733952e-01 1.393268127658456475e-04 1.243410316268741688e-04 -2.618458373152752691e-02 -1.393237929179386993e-04 9.999999899993131658e-01 -2.429514858278409751e-05 -3.703110345086232935e-03 -1.243444153489961642e-04 2.427782449502436608e-05 9.999999919745268251e-01 -6.461938082471939404e-03
9.999999926548066576e-01 -1.001664805729254377e-04 6.824267581672025505e-05 -4.327732941320336368e-02 1.001590854401439339e-04 9.999999891131313712e-01 1.083600237173435046e-04 -2.380660445842798165e-03 -6.825352911598176744e-05 -1.083531877974203936e-04 9.999999918005212374e-01 -1.304895433393819457e-03
9.999999065343192495e-01 -4.305374541494242724e-04 -3.960875300328172826e-05 -5.800569080668178251e-02 4.305441954757724399e-04 9.999998928067760362e-01 1.703470932038928735e-04 1.052644693182691604e-02 3.953540795366203552e-05 -1.703641306009814427e-04 9.999999847065071945e-01 3.208243473505311728e-03
9.999999002424843075e-01 -4.373881235050333291e-04 -9.059056661541619237e-05 -7.516816098200583551e-02 4.374088315088950200e-04 9.999998781859485986e-01 2.286954352609966025e-04 1.023427511236418147e-02 9.049052691292928637e-05 -2.287350375607970947e-04 9.999999697458731296e-01 4.901092899834572428e-03
9.999998941355187076e-01 -4.352900488766958372e-04 -1.491694497964570734e-04 -9.228323447839702209e-02 4.353302822295502172e-04 9.999998688505704614e-01 2.697895241709439423e-04 1.616011592250541501e-02 1.490519935378060426e-04 -2.698544335884958721e-04 9.999999524810427864e-01 5.784138055025126249e-03
9.999997340686819225e-01 -7.192659043149284611e-04 -1.204953289260628235e-04 -1.149072434644029528e-01 7.192736011153346831e-04 9.999997392846055044e-01 6.384518629933305276e-05 2.540737810287161877e-02 1.204493758454158639e-04 -6.393183843005272938e-05 9.999999907023339185e-01 5.589182257166306310e-03
9.999999108687585014e-01 -4.123717191177760414e-04 9.062030816727783872e-05 -1.415186727918624765e-01 4.123718734396078305e-04 9.999999149732969883e-01 -1.684271721682849933e-06 1.713088071195276521e-02 -9.061960591610648092e-05 1.721640837812235532e-06 9.999999958925614996e-01 2.855270111624709506e-04
9.999999316283904038e-01 -3.344110622876955707e-04 1.578368018342697285e-04 -1.832730977910792258e-01 3.344044748016389290e-04 9.999999432148479750e-01 4.176060442948789213e-05 7.408580467477141746e-03 -1.578507580795720047e-04 -4.170782024142639461e-05 9.999999866717979025e-01 -1.068772536113322957e-03
9.999998793044353462e-01 -4.700303579976930382e-04 1.430474651492665580e-04 -2.145957168608265686e-01 4.699980613598321003e-04 9.999998640748775092e-01 2.257256049566319059e-04 4.409981276468171590e-03 -1.431535435924293734e-04 -2.256583456812499551e-04 9.999999642926863386e-01 -2.013894343886506524e-03
9.999998315399919457e-01 -5.752785147418482429e-04 7.729565454965625431e-05 -2.402469883377800486e-01 5.752596565518659907e-04 9.999998048247987770e-01 2.437759048507568793e-04 1.285005663245782949e-02 -7.743587850393372221e-05 -2.437313987125768041e-04 9.999999672993444833e-01 5.099838309844085919e-03
9.999997582473582058e-01 -6.912711669403429808e-04 -7.516248280734489479e-05 -2.597738278159378855e-01 6.913059989878364868e-04 9.999996532193037302e-01 4.643891557977554495e-04 1.745273668431968767e-02 7.484143790880402360e-05 -4.644410038057137269e-04 9.999998893466504057e-01 1.333576301709027412e-02
9.999996559752977188e-01 -7.574613180253729266e-04 3.380852524058377802e-04 -3.090890256641998235e-01 7.572663434653334686e-04 9.999995471216700516e-01 5.764582724749993392e-04 9.635070402656143590e-03 -3.385217441372088227e-04 -5.762020535762448371e-04 9.999997766970861734e-01 8.341329260592268008e-03
9.999994085989749593e-01 -9.121350506540791374e-04 5.922932969472333251e-04 -3.811894041625496499e-01 9.119265493092970198e-04 9.999995221729751638e-01 3.521985093801974372e-04 1.077423037269823261e-02 -5.926142665386832566e-04 -3.516581731071738589e-04 9.999997625724019734e-01 8.964610699951443620e-03
9.999991803095379383e-01 -8.553122827578365671e-04 9.527964899384481047e-04 -4.574008366032733530e-01 8.552991216405606998e-04 9.999996341305277259e-01 1.422052379256797832e-05 7.463537016839335604e-03 -9.528083043279662314e-04 -1.340558613519369465e-05 9.999995459882096149e-01 9.364619887574421320e-03
9.999991289191567656e-01 -7.035695857544415049e-04 1.116759045479597022e-03 -5.318033711646299455e-01 7.034051001346601582e-04 9.999997417067491012e-01 1.476743043909913987e-04 4.736214435588359528e-05 -1.116862656177439574e-03 -1.468886417465219379e-04 9.999993655205657861e-01 3.728897517644907088e-03
9.999993324955375185e-01 -7.781571960616889350e-04 8.540959299944687238e-04 -6.124863781115856831e-01 7.779060586726348680e-04 9.999996541154524410e-01 2.943316827086997381e-04 4.668066222949440389e-03 -8.543246708928130392e-04 -2.936670798423577744e-04 9.999995919444182313e-01 5.741695647999021414e-03
9.999995373507968299e-01 -7.754270428591890450e-04 5.692197234173624037e-04 -6.862879782390407524e-01 7.752985874737170283e-04 9.999996739507054366e-01 2.258552260516892606e-04 1.266758607296269296e-02 -5.693946720737247738e-04 -2.254138063124212278e-04 9.999998124891440465e-01 1.578913859907692813e-02
9.999993211503468427e-01 -1.050401787101414930e-03 5.043361290737093799e-04 -7.441850926281250445e-01 1.050379161606103872e-03 9.999994473335358514e-01 4.512471283967819875e-05 2.614459229619673503e-02 -5.043832494230533498e-04 -4.459493804635842441e-05 9.999998718044064150e-01 2.359031695594174943e-02
9.999984634082960122e-01 -1.402481639954805855e-03 1.051772930089078101e-03 -8.403898227351145334e-01 1.402619838429583921e-03 9.999990077910265729e-01 -1.306696262157871298e-04 3.239750513999102577e-02 -1.051588624758871375e-03 1.321446630071896504e-04 9.999994383494184014e-01 1.922007030644243969e-02
9.999981907586220631e-01 -1.382109593487047339e-03 1.307001359626118941e-03 -9.530331040634620887e-01 1.382003976826710586e-03 9.999990416939407156e-01 8.170806734923026211e-05 3.294998364024417925e-02 -1.307113036622544995e-03 -7.990163844289270274e-05 9.999991425352512397e-01 2.119039364069813178e-02
9.999984347545554098e-01 -8.334778578050196186e-04 1.560705961938222124e-03 -1.057117367200094638e+00 8.319303470487297457e-04 9.999991619808766830e-01 9.919321761092075689e-04 8.008309481865535234e-03 -1.561531407542011540e-03 -9.906322248393311519e-04 9.999982901322673756e-01 1.997133339813413067e-02
9.999988396800322255e-01 -6.218956069988416198e-04 1.390641737887632692e-03 -1.172652786863665808e+00 6.208199645819269122e-04 9.999995079200928449e-01 7.737843004899428410e-04 1.112850478483392094e-02 -1.391122266638014898e-03 -7.729200644981067993e-04 9.999987336859047504e-01 2.123802696449798161e-02
9.999987129632552652e-01 -5.073121616127806641e-04 1.522072995519546538e-03 -1.320372802539059975e+00 5.066212575101315587e-04 9.999997684848398460e-01 4.542743313902779657e-04 1.634588349415827188e-02 -1.522303102029595951e-03 -4.535026321875089352e-04 9.999987384635183885e-01 1.873471266404080904e-02
9.999982081106320031e-01 -1.106383214528828575e-03 1.536128805702773699e-03 -1.443362337905303550e+00 1.105352017533042276e-03 9.999991633177381933e-01 6.719826939458365626e-04 2.410239776047135019e-02 -1.536870990824085398e-03 -6.702835267526176862e-04 9.999985943727878190e-01 2.028231976519236091e-02
9.999983583427016764e-01 -1.051794809432316955e-03 1.475479440869746769e-03 -1.569747146933220705e+00 1.050223672604111815e-03 9.999988811864657379e-01 1.065202353729682166e-03 1.883989560035149308e-02 -1.476598164390026521e-03 -1.063651021595221798e-03 9.999983441508116799e-01 2.966175029817151587e-02
9.999979165952963545e-01 -1.106629391052076821e-03 1.715277370424894829e-03 -1.696957040988990473e+00 1.104109217834819230e-03 9.999983107513912284e-01 1.469502364396988846e-03 2.377968352655593018e-02 -1.716900667401645387e-03 -1.467605449273021428e-03 9.999974491899185081e-01 3.687614297880295600e-02
9.999975557662452719e-01 -8.633882005019616942e-04 2.035441561554819818e-03 -1.852819783244417762e+00 8.598227276775283635e-04 9.999980957391820802e-01 1.751919771709265286e-03 3.235761711369550264e-02 -2.036950272402327303e-03 -1.750165370692339378e-03 9.999963938708794631e-01 3.382868533129303884e-02
9.999976222167212825e-01 -6.357285615064386854e-04 2.086003379576681187e-03 -2.031771881511011735e+00 6.307122665171434935e-04 9.999969102454130399e-01 2.404516929476432658e-03 1.680666471120613459e-02 -2.087525554426864459e-03 -2.403195544136789343e-03 9.999949334312830951e-01 4.236486838029518420e-02
9.999967145447482553e-01 -4.126374539866275743e-04 2.529946647821987391e-03 -2.205390834166154779e+00 4.050721555987339033e-04 9.999954476493827515e-01 2.990083119135633367e-03 -2.624398112378604694e-03 -2.531168950903291744e-03 -2.989048484409163615e-03 9.999923293570305294e-01 4.167030065676734923e-02
9.999962418911377826e-01 -4.626403875282655560e-04 2.702252296295295196e-03 -2.359876911727643911e+00 4.552640448482994282e-04 9.999961707855478110e-01 2.729679265204932280e-03 -5.784468843535651994e-03 -2.703504808664831081e-03 -2.728438768462482580e-03 9.999926233146103627e-01 3.966072944496890768e-02
9.999963796105115765e-01 -1.042124873802358336e-03 2.480875171580877118e-03 -2.523468023539930716e+00 1.036658640169624106e-03 9.999970347030232576e-01 2.203616124529488539e-03 2.288394332254056751e-02 -2.483164258224915353e-03 -2.201036325899033419e-03 9.999944946520249456e-01 4.905863478912975140e-02
9.999946612395228529e-01 -1.428133149338420803e-03 2.939035243011959078e-03 -2.726915374117668378e+00 1.418241756059268350e-03 9.999933331296658734e-01 3.364860553194862214e-03 3.503181659793558334e-02 -2.943821117744005629e-03 -3.360674326506160776e-03 9.999900198428471887e-01 5.467429254198014760e-02
9.999938222224100670e-01 -1.002977173484820425e-03 3.368909883679149612e-03 -2.924845688845561842e+00 9.883579060032032706e-04 9.999901009691346543e-01 4.338330599386822778e-03 3.345087632245047349e-02 -3.373227781298443820e-03 -4.334974109427121997e-03 9.999849145531176653e-01 6.274345608794446028e-02
9.999934089057078701e-01 -5.667250017513297865e-04 3.586219167039291118e-03 -3.123568074859571997e+00 5.525395698048252884e-04 9.999920251395024717e-01 3.955294858844380854e-03 2.322367696279220919e-02 -3.588432131927526102e-03 -3.953287261127230723e-03 9.999857472357621679e-01 7.370775540046801966e-02
9.999929505868457857e-01 -6.768354957666492845e-04 3.693327811853266193e-03 -3.354897524820098287e+00 6.636934116431029897e-04 9.999934486375624543e-01 3.558397534004610965e-03 1.695521689016148484e-02 -3.695712065283232681e-03 -3.555921212054461746e-03 9.999868484818508207e-01 6.838976681300290572e-02
9.999914642739897719e-01 -6.318801746739971916e-04 4.083149104136993626e-03 -3.589428077472323508e+00 6.118144553149939538e-04 9.999877407525271655e-01 4.913657266103885549e-03 5.107916058437076898e-03 -4.086203890413251869e-03 -4.911117194826637028e-03 9.999795917245835053e-01 6.207183668590728759e-02
9.999910727292319335e-01 -2.387456545654216458e-04 4.218703871129893777e-03 -3.820263858133606139e+00 2.148472508062600629e-04 9.999839339972140806e-01 5.664414189847311910e-03 -2.329082165139963884e-04 -4.219988447695231619e-03 -5.663457245159418153e-03 9.999750581637192326e-01 7.558893187493324894e-02
9.999921009130040561e-01 -8.282175792348923796e-04 3.887437104012598111e-03 -4.053640872005208173e+00 8.055596385196228800e-04 9.999827015987196033e-01 5.826454925154217999e-03 2.572248895269420299e-02 -3.892195429959252866e-03 -5.823277339051610539e-03 9.999754698270190145e-01 8.498343559716722839e-02
9.999906929685922208e-01 -1.256116408165527899e-03 4.127486858116025809e-03 -4.304735728195566935e+00 1.233362425889087668e-03 9.999840552527955451e-01 5.510722030758866824e-03 3.288028778481090486e-02 -4.134343154745159787e-03 -5.505580055091696332e-03 9.999762976165663675e-01 9.103222717244427442e-02
9.999886599865845938e-01 -8.706502171774641030e-04 4.682079285340683822e-03 -4.575017433778663545e+00 8.421980526930787983e-04 9.999811901474846554e-01 6.075364487842892583e-03 2.546766606849459186e-02 -4.687280733530634069e-03 -6.071352355071429202e-03 9.999705836072907417e-01 9.481829787394666087e-02
9.999869257618760887e-01 -4.185069608583040219e-04 5.096386684286225398e-03 -4.880791021243644501e+00 3.825160201006750390e-04 9.999749978174667930e-01 7.060978788499283967e-03 2.392109721881723050e-02 -5.099214332269545562e-03 -7.058937022029847935e-03 9.999620839918444970e-01 9.175151341889355161e-02
9.999875078051571053e-01 1.356527954058213349e-04 4.996582026744673596e-03 -5.188791559575283152e+00 -1.741785847607468622e-04 9.999702561646487409e-01 7.710800725435086427e-03 1.704532778455998890e-02 -4.995387417558328630e-03 -7.711574698196089171e-03 9.999577879691835536e-01 9.622718779570552106e-02
9.999884844155100261e-01 -1.111297519529640468e-04 4.797779335230317743e-03 -5.488657634014479036e+00 7.071783391193959059e-05 9.999645285055172028e-01 8.422394536386639680e-03 3.324887559943170978e-02 -4.798545129442777224e-03 -8.421958259028573118e-03 9.999530211883576047e-01 1.076544306514198579e-01
9.999872859607727982e-01 -4.932045176685517047e-04 5.018432634926088889e-03 -5.806089157132418244e+00 4.515118606656764034e-04 9.999654055750573090e-01 8.305648087339403615e-03 4.101169292598334098e-02 -5.022355408293811135e-03 -8.303276607147193691e-03 9.999529146633545640e-01 1.164280900195832358e-01
9.999849078237119659e-01 -6.719582916717406398e-04 5.452760480398690518e-03 -6.134100681229981866e+00 6.210559382531430622e-04 9.999562679033616730e-01 9.331482749382346426e-03 4.580151454205010769e-02 -5.458792386957454432e-03 -9.327955447723440541e-03 9.999415937107734020e-01 1.294207041941230762e-01
9.999843841241695674e-01 -4.320853275824611782e-04 5.571786973231830642e-03 -6.474332010801468584e+00 3.736387638209901028e-04 9.999449452161827123e-01 1.048651184519731709e-02 4.352033033376455362e-02 -5.576011287610373526e-03 -1.048426625353349705e-02 9.999294916439085412e-01 1.391359081959020749e-01
9.999857360531057004e-01 -4.551718164506298511e-04 5.321701696435262620e-03 -6.823500488328932079e+00 3.906005511711962020e-04 9.999263728804371754e-01 1.212832426109777817e-02 4.268932358275989714e-02 -5.326830346252608463e-03 -1.212607260370880680e-02 9.999122877741186688e-01 1.459229998844699394e-01
9.999851715113259321e-01 -3.097202487303696164e-04 5.436987293665432146e-03 -7.192385532556979655e+00 2.398927976742408008e-04 9.999175478864705813e-01 1.283899840928098661e-02 4.852494473424240340e-02 -5.440515500352607371e-03 -1.283750373224569301e-02 9.999027949200937071e-01 1.447447067311624369e-01
9.999872508009415295e-01 2.677211021636379082e-04 5.042475680284669130e-03 -7.566908078716803487e+00 -3.312616085585151702e-04 9.999205060615777851e-01 1.260443665162326587e-02 3.949272090818725656e-02 -5.038700360360920914e-03 -1.260594633375634183e-02 9.999078465617263767e-01 1.455151542667126596e-01
9.999884170271782224e-01 8.685924094450738278e-04 4.734063656579503600e-03 -7.957105986289315425e+00 -9.316283648649079183e-04 9.999107242440212762e-01 1.332950150556022444e-02 3.695576736870157669e-02 -4.722063115638295248e-03 -1.333375749829010352e-02 9.998999515106042901e-01 1.439031287166720741e-01
9.999893479290646869e-01 7.016104821910949677e-04 4.561992013945834895e-03 -8.371610405199909621e+00 -7.688843184315469247e-04 9.998907460279756743e-01 1.476159966003480310e-02 3.703414227248165436e-02 -4.551136705142578773e-03 -1.476495006254843929e-02 9.998806345781188210e-01 1.576954078158867567e-01
9.999901105774847698e-01 3.829938168595979587e-04 4.430808387431298470e-03 -8.786934070138222808e+00 -4.489986179863315278e-04 9.998888076262781865e-01 1.490539445773604761e-02 4.047011738543161707e-02 -4.424607041414027261e-03 -1.490723647883501583e-02 9.998790912670857400e-01 1.743960042804029720e-01
9.999902456425930897e-01 9.136958473603439598e-04 4.321316878542594102e-03 -9.202759563211095895e+00 -9.771213418619385631e-04 9.998914998227319550e-01 1.469808885980723907e-02 4.904714773340648759e-02 -4.307418432139901478e-03 -1.470216794034227316e-02 9.998826393153871228e-01 1.827024896829981260e-01
9.999898011186036939e-01 1.269785737078868914e-03 4.334201536305621640e-03 -9.652984779713481345e+00 -1.332741495535694860e-03 9.998932041108620217e-01 1.455349349881715146e-02 5.040791165657395462e-02 -4.315258842929380577e-03 -1.455912143970050296e-02 9.998846986148065552e-01 1.824262476273563749e-01
9.999910515323002791e-01 6.653285932872928530e-04 4.177821583944569747e-03 -1.011242933024897184e+01 -7.246739400894188594e-04 9.998986359844926897e-01 1.421944457535648937e-02 5.723513224505636515e-02 -4.167937500116099606e-03 -1.422234489154422521e-02 9.998901705701387366e-01 1.990215868756582407e-01
9.999915849369435117e-01 4.139341712009102984e-04 4.081508765338478541e-03 -1.055039956613323149e+01 -4.747838451349467776e-04 9.998885936658140627e-01 1.491894223130487730e-02 4.177155776349222860e-02 -4.074878599421274429e-03 -1.492075452189082531e-02 9.998803760695063048e-01 2.113753610762279522e-01
9.999923339463732130e-01 5.143677858427614727e-04 3.881684462452507107e-03 -1.100479548467283131e+01 -5.749647066483167587e-04 9.998777404988993256e-01 1.562605101751030762e-02 3.714589947210722443e-02 -3.873172352383354947e-03 -1.562816305893349050e-02 9.998703711258435378e-01 2.281041851688133670e-01
9.999944256400492559e-01 8.972344629605088053e-04 3.216155958047196752e-03 -1.149470775866235428e+01 -9.484591151543271753e-04 9.998721603075682030e-01 1.596131157466170944e-02 6.194174559330600793e-02 -3.201423766839870799e-03 -1.596427299299987487e-02 9.998674376504468331e-01 2.412372891220675442e-01
9.999934901287658162e-01 1.341626125866031850e-03 3.349587949038191573e-03 -1.200035611474935671e+01 -1.392790517207483959e-03 9.998816792801195064e-01 1.531951613280864433e-02 6.589766691500925644e-02 -3.328638560301356176e-03 -1.532408167906322213e-02 9.998770387832837114e-01 2.368620491066190381e-01
9.999917372837102691e-01 1.268586948975328373e-03 3.862130430208538141e-03 -1.251692787018636643e+01 -1.321558351235605725e-03 9.999046723862122787e-01 1.374407595095706279e-02 5.810856091334271056e-02 -3.844326707153379596e-03 -1.374906641828041974e-02 9.998980869692642992e-01 2.391905732542713992e-01
9.999903853830484080e-01 4.483808788316766616e-04 4.362120590941310355e-03 -1.305578524212000779e+01 -5.084351491220107534e-04 9.999049789942873190e-01 1.377586571264689808e-02 6.003071632447533335e-02 -4.355529263080816157e-03 -1.377795111840803693e-02 9.998955932635252841e-01 2.495550271854971580e-01
9.999897443880491066e-01 1.188564479025158976e-03 4.370175420215039429e-03 -1.356821921806741216e+01 -1.253205409004309445e-03 9.998894144108634308e-01 1.481851629899433483e-02 4.350340811513572076e-02 -4.352079379686723919e-03 -1.482384105351639524e-02 9.998806494484694385e-01 2.736835917292166909e-01
9.999916928085850198e-01 1.652572357300756845e-03 3.726032531324647255e-03 -1.410856333371365601e+01 -1.708159557745639063e-03 9.998865574190050065e-01 1.496510887685086402e-02 5.143940121373960506e-02 -3.700878915323542982e-03 -1.497134921690772974e-02 9.998810740272462416e-01 2.893364771798345725e-01
9.999929508926868049e-01 1.264504914339238065e-03 3.535419672143563178e-03 -1.466458956934488178e+01 -1.315979970960651831e-03 9.998926125596881986e-01 1.459560020270587316e-02 5.484386910045110919e-02 -3.516583804290491621e-03 -1.460014985823122544e-02 9.998872282725009830e-01 2.871766673246894941e-01
