1.000000000000000000e+00 0.000000000000000000e+00 0.000000000000000000e+00 0.000000000000000000e+00 0.000000000000000000e+00 1.000000000000000000e+00 0.000000000000000000e+00 0.000000000000000000e+00 0.000000000000000000e+00 0.000000000000000000e+00 1.000000000000000000e+00 0.000000000000000000e+00
9.999999997377564398e-01 2.647951980019523532e-05 1.808478543335940205e-05 3.165782909614735761e-03 -2.647913306956520209e-05 9.999999995505458594e-01 -6.301044450529785302e-05 1.031119615024208907e-03 -1.808542532695261334e-05 6.301020219496166906e-05 9.999999996602195740e-01 1.139416055964542491e-04
1.000000000592096372e+00 4.053450463184392940e-05 -4.812366511864448833e-06 3.251090084885155211e-03 -4.053836933531758900e-05 1.000000001721381704e+00 -7.408715887928284192e-05 2.224711408521681637e-03 4.812380106348218121e-06 7.408832152657135808e-05 1.000000002870718108e+00 8.070711906291495354e-04
1.000000002492296369e+00 -5.072096166108601108e-05 4.499703160537832795e-06 1.501835259093478635e-03 5.071834174379362132e-05 1.000000009115565414e+00 9.759129376774261936e-06 1.101237828483541889e-03 -4.492139821312933862e-06 -9.758754275595931619e-06 1.000000008576254595e+00 1.374255454958092692e-03
1.000000003847458130e+00 -2.477806454550724697e-05 9.060301179315865313e-05 -2.980442657858187443e-03 2.477320584511541942e-05 1.000000012251403225e+00 1.987897466612799003e-05 -3.874538098409810644e-04 -9.059399257352676593e-05 -1.987320398251225502e-05 1.000000007435275506e+00 3.676583549256329199e-04
1.000000003115431468e+00 -4.595967365227958049e-05 9.941827638989778765e-05 -3.048150763889092944e-03 4.595240486738103844e-05 1.000000010826362251e+00 5.050829165593604726e-05 -1.453201263551031144e-03 -9.941073710932374526e-05 -5.050062581162691991e-05 1.000000006559920163e+00 1.185969338371055176e-04
1.000000004211608617e+00 2.420822992029773193e-05 1.127281335348875158e-04 -2.902004714145084343e-03 -2.421490338115948562e-05 1.000000013519603659e+00 4.804705316972301477e-05 -1.941590830699164820e-03 -1.127158246607097087e-04 -4.804764862094404649e-05 1.000000006292985244e+00 4.764426612033154508e-04
1.000000008972931065e+00 -1.623229675171585144e-05 8.334690203992624509e-05 -2.505897473700199277e-03 1.622655889385172769e-05 1.000000013781894292e+00 5.982048877649306809e-05 -2.724612426820679882e-03 -8.333696396407642472e-05 -5.981546137281449439e-05 1.000000009875436691e+00 4.529113423763530318e-04
1.000000012841234742e+00 6.595439993781178963e-05 2.848000538592981900e-05 -3.701383292424826037e-03 -6.595274647989007595e-05 1.000000016465154795e+00 -1.065612623720566227e-06 -2.875996136939850973e-03 -2.846641967586777954e-05 1.064660491280768221e-06 1.000000017187390844e+00 -2.630572898031127943e-04
1.000000011913475984e+00 6.330556916033938740e-05 6.715640361136967324e-05 -5.823479635569999736e-03 -6.330325452344228029e-05 1.000000016789035273e+00 -1.525776084087310725e-05 -3.446412237705181753e-03 -6.714382311487285531e-05 1.525396343149113680e-05 1.000000015816986831e+00 -8.808753309293030969e-04
1.000000015501214534e+00 4.994051172340040868e-05 2.051168643631506744e-05 -6.440115223426341393e-03 -4.993531805222497377e-05 1.000000015043928325e+00 -9.540063879245529405e-05 -4.021173031677470824e-03 -2.050371558390043348e-05 9.540061331870878234e-05 1.000000015712512402e+00 -9.352379137226060450e-04
1.000000017412961961e+00 1.623102112875436298e-05 -3.894105353497924373e-05 -6.445672926084377967e-03 -1.623267804854483491e-05 1.000000010163456077e+00 -1.526010114673861072e-04 -3.329066427396479635e-03 3.895078393711207549e-05 1.526037983888455570e-04 1.000000009331781348e+00 -3.788451440050141263e-04
1.000000018594122908e+00 -2.564581926916234368e-05 -2.633331407404718901e-05 -6.593114607067265993e-03 2.565201829764364422e-05 1.000000026997067692e+00 -3.528418894937282717e-05 -4.910001629971789787e-03 2.634964205802324511e-05 3.528494245929099805e-05 1.000000026715735402e+00 -3.942406202689839817e-04
1.000000014362099510e+00 -1.237430581147275731e-04 3.942563490411093031e-05 -7.120385675854780036e-03 1.237515749425370894e-04 1.000000016921578139e+00 -1.167067824913208066e-04 -4.460091752591150219e-03 -3.939916222931589136e-05 1.167099235775029520e-04 1.000000023680839734e+00 -1.341539226264165652e-04
1.000000021558594909e+00 -4.802382533042210555e-05 8.175904548058791118e-05 -7.032468615903108948e-03 4.804068490597111101e-05 1.000000019110428129e+00 -1.708773047335150304e-04 -4.707171153802863252e-03 -8.173739091667390274e-05 1.708817459700003223e-04 1.000000014664002901e+00 1.803329689108002865e-04
1.000000018178584416e+00 -3.736810235220348674e-05 1.243097179831038435e-04 -6.185193545445733139e-03 3.738965910980426231e-05 1.000000025208743981e+00 -1.439857225693311215e-04 -5.679157357095750321e-03 -1.242918389908993575e-04 1.439911347908863493e-04 1.000000016081125764e+00 -9.473386753195481551e-04
1.000000022178672454e+00 -4.715171557852375936e-05 9.046848647713545959e-05 -7.249663619060538883e-03 4.717697599422180564e-05 1.000000010760316416e+00 -2.264907970880330372e-04 -6.263115037190883708e-03 -9.044556243273339444e-05 2.264957311744304964e-04 1.000000006355699078e+00 -1.672403009569498012e-03
1.000000003354022615e+00 -2.230569686305868590e-04 2.905031641066462139e-05 -6.601186546401210942e-03 2.230686158903633803e-04 9.999999835576312002e-01 -2.472119820633337053e-04 -7.106530052133515178e-03 -2.898332335356826624e-05 2.472198184679193266e-04 1.000000005807093695e+00 -1.675634119846736983e-03
9.999997749322370177e-01 -6.860766637744429445e-04 -2.033164018438661687e-04 -3.304096316153715910e-03 6.860123274723380418e-04 9.999997487632763526e-01 -3.390399149604885766e-04 -5.759269917031390081e-03 2.035593025175628059e-04 3.389026773849837461e-04 9.999999592722822461e-01 2.438257683222816148e-04
9.999991466458969525e-01 -1.075281620258077084e-03 -7.841504535175368440e-04 -2.799891613204145979e-03 1.075135724102779973e-03 9.999994458917154105e-01 -1.917398181853367984e-04 -1.448052300483032139e-03 7.843669413158859067e-04 1.909000649152564708e-04 9.999997123243928865e-01 1.135762328560971845e-03
9.999972642120438238e-01 -1.441169038089316380e-03 -1.862374284091161594e-03 1.850545701162061019e-03 1.441228323063160552e-03 9.999990034518565496e-01 2.901887922129817933e-05 4.848267595675788064e-04 1.862341479378716406e-03 -3.169827528966735763e-05 9.999983082257413169e-01 -5.981721136661085399e-04
9.999923963244196079e-01 -2.516235514104118130e-03 -2.992865207118940423e-03 1.524822099468726641e-02 2.518814682446744811e-03 9.999965047867575008e-01 8.579979915304690495e-04 7.052536219702106642e-04 2.990708682047017730e-03 -8.655216052048901728e-04 9.999951982842408826e-01 -2.111888778152498734e-03
9.999851480440814511e-01 -4.014567764932525443e-03 -3.697807823249315510e-03 3.237289052617921964e-02 4.021515544781311020e-03 9.999902071242035007e-01 1.873356551290382551e-03 1.029122109222205652e-03 3.690266194341014841e-03 -1.888189493548329562e-03 9.999914543700713088e-01 -2.862005117613681746e-03
9.999749775697011067e-01 -5.851082665967095343e-03 -3.987839836779871056e-03 5.362577592733623610e-02 5.861960228989221942e-03 9.999791674222368032e-01 2.721381927027781509e-03 3.990126286848641284e-03 3.971850956927943863e-03 -2.744681252374852904e-03 9.999883919700932600e-01 -1.852486304269295283e-03
9.999567878492887640e-01 -8.237428075775194911e-03 -4.321045665489216606e-03 7.808838661368157352e-02 8.251243607183230896e-03 9.999609286593205137e-01 3.189205660512764353e-03 6.202490904716158500e-03 4.294622552684222716e-03 -3.224716190737376715e-03 9.999856258003660958e-01 -5.246369477488538530e-05
9.999118596730847131e-01 -1.239702041849326600e-02 -4.764401195254352323e-03 1.035104175942828109e-01 1.241610911849441029e-02 9.999149855674829279e-01 3.997951480512823563e-03 1.148843543191149959e-02 4.714451617085510873e-03 -4.056750072274237402e-03 9.999807057756396889e-01 2.975759791811775131e-03
9.998222704946867490e-01 -1.811890926703831062e-02 -5.220086552415062128e-03 1.293116541807303732e-01 1.815201425963622328e-02 9.998150366621333385e-01 6.365748803826097764e-03 2.088389167785922526e-02 5.103799522713515710e-03 -6.459368134259544508e-03 9.999661610219190422e-01 7.154319104440175388e-03
9.996649788091713784e-01 -2.505692798638623972e-02 -6.496440205597127891e-03 1.609690324445456622e-01 2.512198796946838592e-02 9.996330901452384898e-01 1.013429024235533785e-02 3.467704031881618798e-02 6.240142942462971118e-03 -1.029409420709912794e-02 9.999275915777524615e-01 6.487593690957012792e-03
9.994023545808483622e-01 -3.351713855939462972e-02 -8.465732545472870116e-03 1.957147471438068498e-01 3.363648044246888430e-02 9.993308681215401501e-01 1.437173056466531200e-02 4.770955634458873273e-02 7.978392283820417638e-03 -1.464789121941352870e-02 9.998609318617623920e-01 -3.237185340199845787e-03
9.990124054235629547e-01 -4.336954695308852664e-02 -9.666516818593718849e-03 2.349764289011029017e-01 4.352688115080722425e-02 9.989126148162499330e-01 1.670789945607591490e-02 5.855468486572848463e-02 8.931413652815765880e-03 -1.711214289849557341e-02 9.998137343905021401e-01 -1.130309335460055221e-02
9.985038032460977764e-01 -5.401470873380379706e-02 -8.527642382514350264e-03 2.868590710955969958e-01 5.415482161529484167e-02 9.983852250909186488e-01 1.715699180227066301e-02 7.708937691328338060e-02 7.587165717876345056e-03 -1.759312488309909203e-02 9.998164913511744523e-01 -1.015196878336952283e-02
9.978624881445440353e-01 -6.516371715009847132e-02 -4.930306582873199110e-03 3.501271588890403352e-01 6.524176807901306552e-02 9.977107551320865131e-01 1.780263643469851345e-02 9.829706692927162037e-02 3.758956531765457985e-03 -1.808623775440200074e-02 9.998294149221579330e-01 2.566826078415425112e-03
9.970736515739019312e-01 -7.643638951927524128e-02 -1.333861028406498712e-03 4.184386516570845482e-01 7.644799333257600027e-02 9.969052384615206819e-01 1.832557914686529232e-02 1.144754672477151652e-01 -7.098549731044205265e-05 -1.837391724178918245e-02 9.998312334221834963e-01 6.879349558401288631e-03
9.960341368423670794e-01 -8.897275588719728845e-02 -1.438169441611677666e-04 4.892377789643183039e-01 8.896021055573183345e-02 9.958638355861839653e-01 1.847931778743035908e-02 1.286125476892899244e-01 -1.500911486349369587e-03 -1.841881996376844993e-02 9.998292832510113914e-01 8.078481849140343313e-03
9.945695460327176329e-01 -1.040482425708846026e-01 -2.359846322993055558e-03 5.559012805303714666e-01 1.040744241921422175e-01 9.943837847646413985e-01 1.922495535283345186e-02 1.538708433385393703e-01 3.462914148174944091e-04 -1.936614511767754260e-02 9.998124504239990218e-01 1.154404655176088403e-02
9.927111920424587233e-01 -1.203554876276803770e-01 -6.263979472736175974e-03 6.143134572957035244e-01 1.204618282857449346e-01 9.924963055686178981e-01 2.098169081054739038e-02 1.795079496365709071e-01 3.691736590627457681e-03 -2.158331901050064561e-02 9.997602889826658901e-01 9.434338077735412303e-03
9.904668824817433048e-01 -1.374660576441615323e-01 -8.868007430688154211e-03 6.827077080631694939e-01 1.376300953171504249e-01 9.902445948900544526e-01 2.176718390926801402e-02 2.081976631584483428e-01 5.789269602234307227e-03 -2.278016538342337791e-02 9.997237887130390188e-01 -1.610691068263316202e-04
9.877450530854720023e-01 -1.558762818900398806e-01 -7.906047693452294967e-03 7.739501042693576194e-01 1.560179078151708865e-01 9.874953686995453506e-01 2.261696826469140192e-02 2.371795052762956379e-01 4.281759458811876945e-03 -2.357326939275338970e-02 9.997129952847083612e-01 3.098644100959581198e-03
9.845965795165493306e-01 -1.747531222639592818e-01 -5.580605649476055169e-03 8.675564639037686154e-01 1.748374511379726104e-01 9.843035638455006620e-01 2.405385496981941179e-02 2.785782028980241520e-01 1.289549227932004728e-03 -2.465903182596405202e-02 9.996951417998218847e-01 1.260771292384058918e-02
9.807419811854152236e-01 -1.952496368736459376e-01 -4.793242078173078763e-03 9.691424685599938638e-01 1.953081993117180837e-01 9.804048257113463505e-01 2.571616853091571869e-02 3.279262213199704012e-01 -3.217289795160585618e-04 -2.615707525265495784e-02 9.996578471635665375e-01 1.333326285856864177e-02
9.757258223683197285e-01 -2.189329042466848785e-01 -5.267102369975855576e-03 1.071271770556887715e+00 2.189948373741067433e-01 9.753507491690081022e-01 2.706332367332046213e-02 3.770036455905150796e-01 -7.877537794607386611e-04 -2.755984203602912519e-02 9.996198988345218472e-01 2.691948229606167409e-03
9.697079527420662259e-01 -2.442118410280200991e-01 -5.225746322355786025e-03 1.172914933926611836e+00 2.442674725436952410e-01 9.694528315481591996e-01 2.224549312685775160e-02 4.106761298993652498e-01 -3.664738716976089243e-04 -2.284810158964007548e-02 9.997389351410097547e-01 -1.928693875939313171e-02
9.636436832900342475e-01 -2.671752830597143857e-01 -2.909841539769514058e-03 1.287211703528128970e+00 2.671899456073446588e-01 9.636147264070569207e-01 7.513731798269936320e-03 4.376419539650035495e-01 7.965032756716762963e-04 -8.018032427572633139e-03 9.999675970749797305e-01 -2.126475267038901995e-02
9.580125358503264188e-01 -2.867250530223405258e-01 9.865047563869342329e-04 1.421334793879975411e+00 2.867202346664066703e-01 9.579618916837157050e-01 -1.003953733844234822e-02 4.653710173084658619e-01 1.933574892403632731e-03 9.900857584969028832e-03 9.999491786018923634e-01 2.438689582292201743e-02
9.519262249319376812e-01 -3.063222019781319805e-01 1.850678732647338979e-03 1.563142865265466863e+00 3.062958437210500651e-01 9.517223091116446820e-01 -2.019369459611531498e-02 5.155452350153405527e-01 4.424471702133137355e-03 1.978976249850103453e-02 9.997944391116732055e-01 7.710812622603480104e-02
9.447110785390333554e-01 -3.278989520218457687e-01 -1.873467214874757498e-03 1.675910944349141563e+00 3.278038611994236740e-01 9.445476918095025987e-01 -1.935387102803788617e-02 5.822718370964167223e-01 8.115719118560089235e-03 1.766968621570429512e-02 9.998110079778738113e-01 6.809671568284379750e-02
9.373655623656129698e-01 -3.483187996811449305e-01 -4.480427804853389165e-03 1.772878880271419266e+00 3.482351524424481259e-01 9.373122433643790163e-01 -1.335415771441413220e-02 6.417247190330628293e-01 8.851085565703064109e-03 1.095748533566995309e-02 9.999008632341274128e-01 1.238915747613173607e-02
9.316212335975857517e-01 -3.634219220560107044e-01 -2.578465730810169595e-03 1.895382296146311596e+00 3.633841819961662889e-01 9.315915731096833241e-01 -9.454157219840851611e-03 7.060531037837496360e-01 5.837945323070910068e-03 7.870722996551584444e-03 9.999520569566230366e-01 -1.359094798549569105e-02
9.268119926212289306e-01 -3.755184146133014877e-01 2.393277445297620470e-03 2.053355226230888064e+00 3.755239836349849591e-01 9.267669836075190792e-01 -9.220219412529132366e-03 7.874923004958981343e-01 1.244375698473293781e-03 9.444146109205863587e-03 9.999547023756139019e-01 2.193587079186851835e-02
9.212795737115710981e-01 -3.888692309985992135e-01 4.995724321718283088e-03 2.210402856213300460e+00 3.889012922468575995e-01 9.211983368746713419e-01 -1.223667949009362051e-02 8.721791979421766872e-01 1.564409232079042619e-04 1.321625141613248788e-02 9.999127237177055649e-01 6.861575171185911592e-02
9.152854817640357910e-01 -4.027986649412160225e-01 2.453079950194951737e-03 2.334049148528068329e+00 4.027776045356957213e-01 9.151311874882805952e-01 -1.747704676327616752e-02 9.369249217302679789e-01 4.794868538771003379e-03 1.698453196544269517e-02 9.998443338471022512e-01 7.327178252430308070e-02
9.103066112671043264e-01 -4.139309519173193785e-01 1.828852345886807212e-03 2.456707558604252384e+00 4.138404951337198989e-01 9.099955060480079405e-01 -2.538839769856669412e-02 9.780815063821618471e-01 8.844826472540303838e-03 2.386807399047258249e-02 9.996760695047630652e-01 2.643114706934556260e-02
9.074556518456607934e-01 -4.200331083516911090e-01 9.835527704836843563e-03 2.609991563570872142e+00 4.200898770561980466e-01 9.066906979257144394e-01 -3.790549667529465039e-02 1.024649770043800201e+00 7.003815179497885346e-03 3.852935388878725442e-02 9.992330041613456393e-01 3.678750983037804533e-03
9.060196233014863321e-01 -4.227591922585019479e-01 2.008556880485020887e-02 2.795450243142143965e+00 4.232274403030902854e-01 9.046772521557986391e-01 -4.937581205902061982e-02 1.093009358394853914e+00 2.703159661267878679e-03 5.323620342423295015e-02 9.985783707065788439e-01 4.363045216367328338e-02
9.043592341485121588e-01 -4.261739398722179106e-01 2.259389607271894418e-02 2.971567217184681198e+00 4.267579961815877732e-01 9.026247951043842033e-01 -5.609342681305141964e-02 1.176971528646658438e+00 3.511783274486906820e-03 6.037071653514794467e-02 9.981699289735931346e-01 8.157375958341649136e-02
9.023407725304160021e-01 -4.307208762883559250e-01 1.615540925700925667e-02 3.118547703686023187e+00 4.309079396359193903e-01 9.005956103949582792e-01 -5.697613591558055995e-02 1.250104791722787878e+00 9.991353717963238901e-03 5.837336670807757172e-02 9.982449035352047861e-01 6.260164934168979678e-02
9.014277770870761097e-01 -4.328209345226143312e-01 9.713498098657626437e-03 3.258355018188600738e+00 4.326944733500725504e-01 8.999708854788238677e-01 -5.318169056196336147e-02 1.312705142019290561e+00 1.427631029021700880e-02 5.214241041840959184e-02 9.985376939210930392e-01 1.474630393057802490e-02
9.019811978481893089e-01 -4.315709873805527730e-01 1.329500416568875354e-02 3.425382377192868422e+00 4.316668664983390191e-01 9.006348185603190171e-01 -5.020996036712518928e-02 1.384720101718717622e+00 9.695244721851068934e-03 5.102743521432133444e-02 9.986502764998125281e-01 -4.516669955621047637e-03
9.032071913284269726e-01 -4.286036912070286253e-01 2.271581002993186202e-02 3.612234539391905308e+00 4.291905619579459708e-01 9.014727944212177491e-01 -5.605951011016566121e-02 1.479158185244459967e+00 3.549657858476984711e-03 6.038274506192894964e-02 9.981690723901567308e-01 4.979278170632683853e-02
9.045219365801595579e-01 -4.257202064258132079e-01 2.455096192531627114e-02 3.788646319770966997e+00 4.263759340677892307e-01 9.020165926339802631e-01 -6.760217582429906003e-02 1.568603021843069989e+00 6.634271499341857538e-03 7.161556604695588912e-02 9.974103338222598536e-01 1.186595583061938880e-01
9.050171741512604839e-01 -4.250759886326453407e-01 1.595947289609973840e-02 3.960263943597980507e+00 4.250222349739897210e-01 9.021002279296432835e-01 -7.464385939744630494e-02 1.642889755341547353e+00 1.733229850386218407e-02 7.433707678330726820e-02 9.970826320504651008e-01 1.217705829700162085e-01
9.052711385350283857e-01 -4.247757484446244014e-01 7.079997894003104385e-03 4.136083062291117329e+00 4.241027339687926112e-01 9.026079154668619209e-01 -7.373093358440307998e-02 1.701029893447087771e+00 2.492867716954269564e-02 6.974910355708588416e-02 9.972531368767479920e-01 5.669034362311487635e-02
9.071082796754503796e-01 -4.208155215412964223e-01 8.322632253611029693e-03 4.345161211546180624e+00 4.203323820763573693e-01 9.046879591011370847e-01 -6.971956891533703793e-02 1.767356996676421765e+00 2.180971810164784169e-02 6.674144400799032761e-02 9.975320116397344838e-01 1.879622438182991170e-02
9.107987485652382365e-01 -4.125269029455274628e-01 1.635848495329883870e-02 4.572231068859912817e+00 4.126645355485947242e-01 9.084810630064342751e-01 -6.611034420025621583e-02 1.867743542974405813e+00 1.241095180129152611e-02 6.696376025586363301e-02 9.976783159231309428e-01 6.945486144519176508e-02
9.147457101036745586e-01 -4.035529255461725584e-01 1.964019204653799297e-02 4.793406606386858115e+00 4.039461593487226887e-01 9.124797793664863876e-01 -6.487370374453005351e-02 2.000752743397963940e+00 8.258725819327454587e-03 6.727650181916997041e-02 9.977002902798115525e-01 1.277570147635147813e-01
9.184619893452734551e-01 -3.952878878438272903e-01 1.324707194116831084e-02 5.001168401887503556e+00 3.952192361646558183e-01 9.159886519601159183e-01 -6.904347068716031044e-02 2.101703700213906956e+00 1.515791167555763548e-02 6.864927413101613862e-02 9.975258011314604989e-01 1.181473828310622559e-01
9.223055021646860974e-01 -3.864513229530816552e-01 2.892732899448733231e-03 5.218492613675689284e+00 3.855396537889086983e-01 9.195612629444042119e-01 -7.593893796386852468e-02 2.150798528455371006e+00 2.668668730677033543e-02 7.115413137415990685e-02 9.971083828056704901e-01 6.857420340613923360e-02
9.279794981526615638e-01 -3.726306513303945800e-01 -9.455355085034386356e-04 5.458217536561914329e+00 3.713238523763279786e-01 9.249315639152940749e-01 -8.136753542098623670e-02 2.186778007015133696e+00 3.119462379317610584e-02 7.515626795497606927e-02 9.966838262130320869e-01 4.532288591567165681e-02
9.348041482022110271e-01 -3.551465954676820691e-01 3.543740263626049460e-03 5.735875619732448527e+00 3.541864305573350080e-01 9.314441067556289422e-01 -8.345261954627315737e-02 2.273212799519964911e+00 2.633714719180221819e-02 7.926696282700748664e-02 9.965055564189203574e-01 8.276168484947216131e-02
9.405385813771083292e-01 -3.395939695996731955e-01 7.973733757997186061e-03 6.010590251172023279e+00 3.390924504408950324e-01 9.372431615315838238e-01 -8.119154771281208993e-02 2.395061022433323750e+00 2.009886302945441613e-02 7.906758006259223537e-02 9.966667319864335184e-01 1.331647584343675084e-01
9.446961276747759539e-01 -3.278741098901601370e-01 6.947103181971705545e-03 6.268747524860887488e+00 3.274954802825646438e-01 9.420696324995264659e-01 -7.247086976913981460e-02 2.499625441842438178e+00 1.721669828743187247e-02 7.073806266583027025e-02 9.973464497212382041e-01 1.373997301368813651e-01
9.489763126653999459e-01 -3.153131072442483807e-01 4.698039229717859526e-03 6.530221488182910150e+00 3.150024385434856411e-01 9.471335063056840475e-01 -6.092698703967727031e-02 2.578247027427432059e+00 1.476143807471463204e-02 5.929813387869775632e-02 9.981312856208361950e-01 1.035929046098927192e-01
9.540458252024868191e-01 -2.996272345378013791e-01 4.534010986706949430e-03 6.826897613339681925e+00 2.994393348519089337e-01 9.526466563965531043e-01 -5.292402239663393515e-02 2.664785645943018810e+00 1.153819717543026237e-02 5.184958006131389768e-02 9.985883663558425827e-01 8.485813723384537377e-02
9.593665865796742187e-01 -2.821148899924685871e-01 5.236556031601143427e-03 7.146251993588904838e+00 2.819995868429533981e-01 9.580116855604591253e-01 -5.186876870915401588e-02 2.754348071722601432e+00 9.616300297987564680e-03 5.123784780082064200e-02 9.986402977381926283e-01 1.064203489869403885e-01
9.641998251170346146e-01 -2.651180490899164854e-01 5.622201498118013265e-03 7.458138065473133516e+00 2.650549450293636644e-01 9.628920441859691870e-01 -5.084610336918479745e-02 2.831365825262926350e+00 8.066682930977174190e-03 5.051597616070716001e-02 9.986907946287435500e-01 1.470616926025832549e-01
9.684881753780347768e-01 -2.489645865131822344e-01 6.913039313223060499e-03 7.764643465020122370e+00 2.490149597615169685e-01 9.674067138745497951e-01 -4.600375602269636544e-02 2.909084352425833409e+00 4.765622122237083910e-03 4.627553060667095874e-02 9.989174675264722580e-01 1.554746095961473396e-01
9.724943605820350889e-01 -2.327696884241816644e-01 8.572986305671890031e-03 8.078624153910846317e+00 2.329250351493555860e-01 9.716550824614008652e-01 -4.040893281628481909e-02 2.986629958257116080e+00 1.076024365005969321e-03 4.129431353477734656e-02 9.991465703783435348e-01 1.361669215436765723e-01
9.759618179013703765e-01 -2.177436403644205931e-01 9.314002989262024773e-03 8.420255202888377255e+00 2.179397566006008036e-01 9.752813030453458820e-01 -3.645824925041207115e-02 3.057734132607684341e+00 -1.145186476342323519e-03 3.761174561417438694e-02 9.992918960681304030e-01 1.216735534238636146e-01
9.788655629068393482e-01 -2.042796365801537173e-01 9.621005571296996003e-03 8.764856734763670332e+00 2.044900842174364741e-01 9.782937353382488155e-01 -3.355212405473795984e-02 3.116480581582919296e+00 -2.558120566423412179e-03 3.481041552063347810e-02 9.993907843576242955e-01 1.316065233627683739e-01
9.812347691929832472e-01 -1.926032835858175196e-01 9.101664465325558229e-03 9.113275092018414014e+00 1.927899519308733933e-01 9.808056592497557125e-01 -2.920408720994749352e-02 3.190064027686368320e+00 -3.302128039877729685e-03 3.041077583602962153e-02 9.995321555880434250e-01 1.502388078450122011e-01
9.833364196463832974e-01 -1.816040219030908287e-01 8.367677247766302714e-03 9.462918259425372014e+00 1.817480345418141519e-01 9.830962926270699898e-01 -2.213441841158386367e-02 3.265550109553929659e+00 -4.206496766860964159e-03 2.328639459902751355e-02 9.997201107102354767e-01 1.546337036272084631e-01
9.852890683259553084e-01 -1.706936608660898635e-01 8.347899188233275092e-03 9.814859310184058216e+00 1.708029095530240460e-01 9.851937114971206499e-01 -1.484340131508996193e-02 3.334013452126406207e+00 -5.690585197976390230e-03 1.605089675935527857e-02 9.998551079999954405e-01 1.375895952491108243e-01
9.870890515068012627e-01 -1.598693033552306964e-01 9.878149266561728550e-03 1.018389336102926812e+01 1.599650168769763126e-01 9.870743297273842920e-01 -9.801893574171724813e-03 3.391714531559625545e+00 -8.183408598579416590e-03 1.125551228024250679e-02 9.999032939420556820e-01 1.287763353366511709e-01
9.886074020336254042e-01 -1.500165821297010371e-01 1.228834663795676935e-02 1.055946919386363270e+01 1.501189273511281119e-01 9.886369132206362931e-01 -7.873010036848008750e-03 3.446946199378559061e+00 -1.096759554798984980e-02 9.628041053504376653e-03 9.998936276917165245e-01 1.318918117743529406e-01
9.898625768201316788e-01 -1.414180746617721418e-01 1.317544330073449482e-02 1.093104225128924334e+01 1.415329114670064448e-01 9.898996684621088615e-01 -8.229066580178235474e-03 3.503366315218471527e+00 -1.187859676133108666e-02 1.001041577348138999e-02 9.998794660402303691e-01 1.465130747586644022e-01
9.910457722008695347e-01 -1.329968295851870208e-01 1.186230492829861913e-02 1.130063268207070770e+01 1.330945655990559140e-01 9.910724554927132779e-01 -7.865759922525566300e-03 3.555612617123188990e+00 -1.071025464454927224e-02 9.374150170097968193e-03 9.998988314952886869e-01 1.618381787683651485e-01
9.921033040821357618e-01 -1.250591846749380953e-01 9.583556821174156470e-03 1.167149582577130928e+01 1.250999780213973289e-01 9.921372743632734803e-01 -3.779168755333460125e-03 3.605435620848230549e+00 -9.035554608062705551e-03 4.948251705739992352e-03 9.999470666189816948e-01 1.597048725210614972e-01
9.928540080698460280e-01 -1.190586407964664556e-01 8.159505318309131713e-03 1.204988330614775904e+01 1.190482179243775446e-01 9.928872602374165801e-01 1.754076291693080743e-03 3.650954116028279905e+00 -8.310277062122489039e-03 -7.701405571730152947e-04 9.999653038664088056e-01 1.393039290600849855e-01
9.933501941560521908e-01 -1.148065449249907749e-01 8.687866944669617522e-03 1.243370553610432871e+01 1.147855905431396928e-01 9.933864685721984777e-01 2.875774367567479704e-03 3.701663680175805826e+00 -8.960539311255117170e-03 -1.859383088779918355e-03 9.999582566022126029e-01 1.179401624837918688e-01
9.937632264404696603e-01 -1.111225884323561869e-01 9.330842205546618570e-03 1.281649951361164774e+01 1.111373824626455259e-01 9.938048149466730541e-01 -1.079845676734570792e-03 3.742224352748507954e+00 -9.153017564370556636e-03 2.110139705133403515e-03 9.999560166225009983e-01 1.293906213944366612e-01
9.942193259657283733e-01 -1.069746748437199330e-01 9.219881447103339678e-03 1.320312050364154466e+01 1.069988069931280678e-01 9.942571508526586443e-01 -2.162936587186755667e-03 3.781250403988751785e+00 -8.935532212836527419e-03 3.136971603907825774e-03 9.999552898177603844e-01 1.610240001947149113e-01
9.948056498424069360e-01 -1.013756224915490500e-01 9.238932998750915351e-03 1.359365513932375968e+01 1.013550580905255849e-01 9.948470920373940762e-01 2.669493951010238654e-03 3.830929710806179944e+00 -9.461926677970021113e-03 -1.719190267639836506e-03 9.999538927428820445e-01 1.637074206630579620e-01
9.955675299985322635e-01 -9.356575597532909572e-02 9.560572808569393552e-03 1.399772530273959070e+01 9.347472540592567658e-02 9.955760821748350642e-01 9.563406499233997882e-03 3.871854944643553953e+00 -1.041306696338200471e-02 -8.627316185237538307e-03 9.999087009896128198e-01 1.391767520897611299e-01
9.964937022152754453e-01 -8.305474917124830436e-02 1.014336712881044704e-02 1.441199538297744098e+01 8.289318832590560071e-02 9.964393832433918741e-01 1.542755312959442383e-02 3.907190896163490468e+00 -1.138856515951031448e-02 -1.453261042446650150e-02 9.998296740503570534e-01 1.240901992411948401e-01
9.974458860562231965e-01 -7.067818599849637340e-02 1.034346328911438240e-02 1.483074327483823218e+01 7.049559125320933872e-02 9.973664691974578611e-01 1.706584584851163558e-02 3.935970327819500625e+00 -1.152239025535315917e-02 -1.629305300324122158e-02 9.998010025770113218e-01 1.201167701453070835e-01
9.982546713656489379e-01 -5.805915536390042486e-02 1.083758131246125196e-02 1.525506426193052789e+01 5.789684050562381168e-02 9.982142117015158078e-01 1.473457243787232654e-02 3.957097246167541105e+00 -1.167368771805945421e-02 -1.408135694160091329e-02 9.998328434183828550e-01 1.289563505151517242e-01
9.988624613740841873e-01 -4.622685457221661215e-02 1.172921602844142867e-02 1.568835827599212962e+01 4.609765457805203859e-02 9.988761291422918465e-01 1.105693431520249868e-02 3.963015442944765709e+00 -1.222714200159203020e-02 -1.050363158374735539e-02 9.998702147135132279e-01 1.366801668880066878e-01
9.992814205962019525e-01 -3.556526594692632770e-02 1.313281057787240615e-02 1.612830401333116015e+01 3.543748039149356710e-02 9.993238570105141827e-01 9.838224569300127453e-03 3.967916268954933656e+00 -1.347380896002953188e-02 -9.365725237593628891e-03 9.998655026660582257e-01 1.412380593367031922e-01
9.995770437725491897e-01 -2.581464677860477799e-02 1.341899825645178138e-02 1.656932593758146766e+01 2.568557409182515086e-02 9.996233685956856796e-01 9.703808784711640684e-03 3.974532092942315131e+00 -1.366442600185599487e-02 -9.354989235159308011e-03 9.998630173874141214e-01 1.293610464206371713e-01
9.997695272607879380e-01 -1.749635006317576402e-02 1.247034094540896455e-02 1.701243794266698117e+01 1.737060043437538281e-02 9.997982824614626285e-01 1.012202149715324406e-02 3.980377051813128286e+00 -1.264490540984773356e-02 -9.903028542818981955e-03 9.998711531528036156e-01 1.239273043024316512e-01
9.998792735511580210e-01 -1.034583754458409666e-02 1.162534450431621132e-02 1.746424562046608386e+01 1.021324722157414093e-02 9.998831757520585395e-01 1.140747031993669634e-02 3.986776126878994742e+00 -1.174198752296863428e-02 -1.128731540708920525e-02 9.998674958905966470e-01 1.215135293233931546e-01
9.999170173603268985e-01 -4.517164838891024083e-03 1.209569645571575286e-02 1.793077181070695403e+01 4.365463160909410778e-03 9.999122592877441873e-01 1.253906869668479709e-02 3.989450981121117845e+00 -1.215125617793834378e-02 -1.248517927241555268e-02 9.998483658957640907e-01 1.219726935224692138e-01
9.999162375803057889e-01 8.059383076616112151e-04 1.294734261730084296e-02 1.840347053219267082e+01 -9.803015114853458768e-04 9.999092545949954669e-01 1.346649637219303995e-02 3.994360166974661563e+00 -1.293529402771588337e-02 -1.347801502994534946e-02 9.998256393094776540e-01 1.145950879423503072e-01
9.998955023569615630e-01 6.733596588671410775e-03 1.282247868166895566e-02 1.887764483952462058e+01 -6.911511519606474557e-03 9.998801712658218488e-01 1.388189009754157294e-02 3.994001421158729137e+00 -1.272744489170759934e-02 -1.396901457036654748e-02 9.998215678361574987e-01 1.087625523972416963e-01
9.998282479823621394e-01 1.311534031864068812e-02 1.312441366114671694e-02 1.935842234128960015e+01 -1.330829337859205062e-02 9.998034480881279329e-01 1.472426447368277783e-02 3.981366067406712617e+00 -1.292869211855633520e-02 -1.489635405187280867e-02 9.998056010674701843e-01 1.078737313092133360e-01
9.997144558097879052e-01 1.889780846195012257e-02 1.465173070001862810e-02 1.985287626324689825e+01 -1.914507827317403835e-02 9.996738906835891392e-01 1.692424873626993329e-02 3.971907805407156822e+00 -1.432709153126512230e-02 -1.719988039117125930e-02 9.997495664560530626e-01 1.091054419724582364e-01
9.996147273702803426e-01 2.405459497303035626e-02 1.387725366868564070e-02 2.035467399154289225e+01 -2.428306991367882445e-02 9.995687566869042584e-01 1.653766081291566450e-02 3.963382571846654656e+00 -1.347343475356868082e-02 -1.686822243951748360e-02 9.997670881136566656e-01 9.766015421038456989e-02
9.995448563219890836e-01 2.821968267942305889e-02 1.070257787594444850e-02 2.085978302334921608e+01 -2.839233172633731997e-02 9.994637572587539154e-01 1.633839145125332015e-02 3.947017711622840430e+00 -1.023574759954757989e-02 -1.663477270111011347e-02 9.998093906142561105e-01 1.042116406110530913e-01
9.994575959500965334e-01 3.148600902071484187e-02 9.693771893300159870e-03 2.136492236643537979e+01 -3.165000192001047458e-02 9.993504734976134118e-01 1.725648945384645333e-02 3.927773563429914905e+00 -9.144110566799337064e-03 -1.755388100406989060e-02 9.998042563097158109e-01 8.644142195995745126e-02
9.992973801849743820e-01 3.439807558967629408e-02 1.491139243574216879e-02 2.189460158313997695e+01 -3.462663317873149876e-02 9.992828597554673786e-01 1.535069106541084305e-02 3.904937477610632701e+00 -1.437263396787249320e-02 -1.585618487364806595e-02 9.997711324170800440e-01 9.162361423810154448e-02
9.991598934318276504e-01 3.770315671046431394e-02 1.608805772316018734e-02 2.241942687574579907e+01 -3.794957311256915572e-02 9.991630181203585703e-01 1.529658479007963041e-02 3.895966297992440985e+00 -1.549783486398708353e-02 -1.589422433374851687e-02 9.997537236964565421e-01 1.030719187141121845e-01
9.990895452199770599e-01 4.148737068010485002e-02 9.986602790578542541e-03 2.294732645488835487e+01 -4.170481146914709752e-02 9.988736584395966345e-01 2.264991264162398432e-02 3.894535719013510811e+00 -9.035645921032887246e-03 -2.304573053804982036e-02 9.996937424936388483e-01 9.598454457396772554e-02
9.990437658773895224e-01 4.344632851335631513e-02 4.983215662616014181e-03 2.348563207215869397e+01 -4.358325146580038084e-02 9.985437573475136608e-01 3.180825363160900976e-02 3.878692873213343439e+00 -3.593985632830907963e-03 -3.199496250013598997e-02 9.994817370662899547e-01 7.092498440141488392e-02
9.990370459293265171e-01 4.377249004957407819e-02 3.134171452942443800e-03 2.403128785163701764e+01 -4.384047393480018651e-02 9.986853712322590892e-01 2.657919464586404323e-02 3.835481301345214700e+00 -1.966595168371045206e-03 -2.669094846769764356e-02 9.996419675941166094e-01 3.731606215920563879e-02
9.990539019937944021e-01 4.341020847187736925e-02 2.781321581383148882e-03 2.458148698808182431e+01 -4.344432920701674777e-02 9.989627021073836932e-01 1.367592505640279239e-02 3.796744873919044139e+00 -2.184747116126495043e-03 -1.378377618921312019e-02 9.999027833961204870e-01 8.170243851708955396e-02
9.990587414934553045e-01 4.295843804666920479e-02 6.090240505667032789e-03 2.514932168981088978e+01 -4.302897984032539452e-02 9.990026282721596873e-01 1.196574356717319126e-02 3.787949954783891293e+00 -5.570120228602327625e-03 -1.221649870217560337e-02 9.999100347294362923e-01 1.306354824954460148e-01
9.990199952366943803e-01 4.275207934646680502e-02 1.149793076306416563e-02 2.573339889076285658e+01 -4.297886518217774315e-02 9.988710429240293953e-01 2.025793309527448502e-02 3.788754035183000912e+00 -1.061886012269826207e-02 -2.073220450829128467e-02 9.997288488791932215e-01 1.066663320111057855e-01
9.990181914895565063e-01 4.171398752484509198e-02 1.494972661423409933e-02 2.631661140857941561e+01 -4.210621847730885992e-02 9.987498166731147986e-01 2.695932355371178854e-02 3.768027236448773465e+00 -1.380642825693886508e-02 -2.756228298273033159e-02 9.995249187045868178e-01 4.620480547776544683e-02
9.990863685287241225e-01 3.989017900622585794e-02 1.536574780184406415e-02 2.689734903712357550e+01 -4.027156127316065815e-02 9.988672093733114155e-01 2.536614689739703776e-02 3.741166721824781050e+00 -1.433645481301330966e-02 -2.596172714718227026e-02 9.995603110485439258e-01 3.038347210298387308e-02
9.991577623859774215e-01 3.825333746007430341e-02 1.487816128959020510e-02 2.748600729825190925e+01 -3.852423811838174422e-02 9.990893077950135925e-01 1.836815656708290848e-02 3.714467451082162253e+00 -1.416194504210850115e-02 -1.892581495086253021e-02 9.997207687362151818e-01 7.190001015501157333e-02
9.992004951311914684e-01 3.727487074660368327e-02 1.448685184724187239e-02 2.808378767653510266e+01 -3.748125637498529727e-02 9.991962637699765004e-01 1.424563794109772949e-02 3.695444561190939670e+00 -1.394418219277035811e-02 -1.477719487672930765e-02 9.997937603203077561e-01 1.027573667360700549e-01
9.992241400202139801e-01 3.635384952957487065e-02 1.518003419131197865e-02 2.869494209009613783e+01 -3.659851198202788980e-02 9.991998234556359604e-01 1.616253199892197373e-02 3.677719437440567063e+00 -1.458029694634718591e-02 -1.670551960506739750e-02 9.997543304676344000e-01 8.768213045459603838e-02
9.992305379609669469e-01 3.575097467153307007e-02 1.615922051377925023e-02 2.931012293569468952e+01 -3.608602457669377039e-02 9.991297493889221837e-01 2.094072154702488267e-02 3.661499279810864760e+00 -1.539648790179642263e-02 -2.150768856864129774e-02 9.996503145818760316e-01 4.720046536116907082e-02
9.992279299522539571e-01 3.577739678544143015e-02 1.626182992418292311e-02 2.993567236494379102e+01 -3.615454384264085025e-02 9.990698534231762240e-01 2.352137693906816013e-02 3.644255161585645553e+00 -1.540515483246583488e-02 -2.409111339340359523e-02 9.995912599244360930e-01 2.759661943036067697e-02
9.992171305512502766e-01 3.628737528195340178e-02 1.578890316828911525e-02 3.057122355504799671e+01 -3.662046080715742474e-02 9.991017767215416567e-01 2.134418932509571376e-02 3.615742398727430640e+00 -1.500017582629334725e-02 -2.190563802846230701e-02 9.996477027095497236e-01 3.028897313456566098e-02
9.992006916759761381e-01 3.652275053389234666e-02 1.627900050121592473e-02 3.120892713538966845e+01 -3.677701087118701723e-02 9.992021917838758149e-01 1.560227175894219123e-02 3.581009156100146473e+00 -1.569615289557241625e-02 -1.618845897512765503e-02 9.997459502048458013e-01 4.487611743471563858e-02
9.991748606019863477e-01 3.676697551655828955e-02 1.728380810917234944e-02 3.184988526129948738e+01 -3.697333770259869645e-02 9.992473837570963191e-01 1.177460431411289296e-02 3.563276817949657005e+00 -1.683785906155836620e-02 -1.240389551748699061e-02 9.997814938555704689e-01 5.139977064442745325e-02
9.991436239800007835e-01 3.703910507606543445e-02 1.846803384090393504e-02 3.251195916694866384e+01 -3.730812113727161733e-02 9.991999762131725804e-01 1.444025356065911647e-02 3.565092659984426149e+00 -1.791838245846747238e-02 -1.511685975633336211e-02 9.997253732001094573e-01 4.835323064949243604e-02
9.991152584478170118e-01 3.748801000201661127e-02 1.908657074244201821e-02 3.318394305065788075e+01 -3.790126956142244458e-02 9.990448318513028836e-01 2.177003907101071264e-02 3.551725777543095042e+00 -1.825220423595163427e-02 -2.247414405097533305e-02 9.995810061413631376e-01 1.911647016341540620e-02
9.991210419732252657e-01 3.790277264483962738e-02 1.792985866851659268e-02 3.385308147941514534e+01 -3.833891434924230346e-02 9.989614861282468672e-01 2.463940233938908750e-02 3.517988305325324028e+00 -1.697731854082704106e-02 -2.530511710368820930e-02 9.995358188376900488e-01 -1.497823427308214370e-02
9.991330474114172855e-01 3.824394836876734982e-02 1.647764323181685059e-02 3.452206613648649380e+01 -3.858878307679601549e-02 9.990319977450562439e-01 2.114246381734549707e-02 3.486537454764541799e+00 -1.565310698970819731e-02 -2.175994869782426483e-02 9.996408973317674196e-01 -8.023310090949992840e-03
