1.000000000000000000e+00 0.000000000000000000e+00 8.809142651444723526e-20 0.000000000000000000e+00 0.000000000000000000e+00 1.000000000000000000e+00 -8.673617379884035472e-19 1.387778780781445676e-17 -2.032879073410320814e-20 0.000000000000000000e+00 1.000000000000000222e+00 0.000000000000000000e+00
9.999981235557462433e-01 1.755455436370914613e-03 8.193040110664646675e-04 -2.114246052037128260e-02 -1.756471674052384122e-03 9.999976870099793747e-01 1.241283588375993903e-03 -1.896764523396944624e-02 -8.171231111840360477e-04 -1.242720355362601434e-03 9.999988939769270946e-01 8.425403865139893256e-01
9.999891450171122242e-01 4.642611333127695181e-03 3.949680237558917751e-04 -5.481817642810013491e-04 -4.643130911951487069e-03 9.999883430362005443e-01 1.324815274690629638e-03 -2.856324553881045558e-02 -3.888128232057304064e-04 -1.326634797177741500e-03 9.999990444317706784e-01 1.631993363733564850e+00
9.999834634600828220e-01 5.696569499667457001e-03 7.886016761126270333e-04 -3.378824983052091530e-02 -5.697419553045930674e-03 9.999831865314374735e-01 1.079849725123530578e-03 -5.470069095760714262e-02 -7.824369911078007164e-04 -1.084324875997792759e-03 9.999991060151341982e-01 2.370121380689289126e+00
9.999725549494479226e-01 7.309344656591236847e-03 1.209469419385720288e-03 -3.431386879989684058e-02 -7.310315621175657308e-03 9.999729590526255096e-01 8.002892188987958261e-04 -5.751724414889144987e-02 -1.203587145302906962e-03 -8.091088695682579005e-04 9.999989483591121830e-01 3.114537598802766816e+00
9.999706801608062579e-01 7.476974565543186013e-03 1.653377773867722219e-03 -5.509718505575440101e-02 -7.478276779878303276e-03 9.999717309099863671e-01 7.827971661115481344e-04 -8.660945724833386816e-02 -1.647478108439254067e-03 -7.951386422755226183e-04 9.999983267827632361e-01 3.831525670058596678e+00
9.999686812338118846e-01 7.627762695818546615e-03 2.110397133961950007e-03 -6.224866880697758897e-02 -7.630756803030682572e-03 9.999698851838361158e-01 1.414316195450452361e-03 -1.039554879523632708e-01 -2.099545547237615870e-03 -1.430375844661543189e-03 9.999967729602334821e-01 4.558039461455681618e+00
9.999603989466750997e-01 8.533583980297305971e-03 2.525563285141984443e-03 -5.202625610400510997e-02 -8.542986608009173199e-03 9.999565293403753774e-01 3.735883403956906292e-03 -1.189663781896365402e-01 -2.493573063049548018e-03 -3.757311350582271704e-03 9.999898322994605904e-01 5.267182058302056546e+00
9.999587018476621125e-01 8.132929784341604365e-03 4.055865145497565896e-03 -4.212901339533572237e-02 -8.163434166472499642e-03 9.999380848070131833e-01 7.562070386846853759e-03 -1.271643720169995939e-01 -3.994112301330278621e-03 -7.594867947235408971e-03 9.999631818444757458e-01 5.877946579577596253e+00
9.999580875249093337e-01 7.664683404683370407e-03 5.007575637122598823e-03 -5.159835723469025082e-02 -7.720820280796006005e-03 9.999064702942297433e-01 1.128891531670266068e-02 -1.402001019945257609e-01 -4.920581393717453865e-03 -1.132710486679255890e-02 9.999237393776855276e-01 6.513632712971583416e+00
9.999560222662111642e-01 6.990456982451206253e-03 6.251962849719376256e-03 -3.533843980320093559e-02 -7.074092927032996081e-03 9.998844264181360186e-01 1.345700652451853503e-02 -1.552825096843943598e-01 -6.157169757667211620e-03 -1.350064180533607980e-02 9.998899049034311037e-01 7.128977350773208599e+00
9.999464122889445417e-01 6.981640355481665700e-03 7.643902459552424922e-03 -3.722685225495217520e-02 -7.082708343681295288e-03 9.998867879972266337e-01 1.327578397213806730e-02 -1.635358257886808109e-01 -7.550350448106369662e-03 -1.332921220541210400e-02 9.998826552674719981e-01 7.710330926568118137e+00
9.999323710120504582e-01 8.166698079104337676e-03 8.280002383822071196e-03 -5.351108652119553055e-02 -8.260840550736432350e-03 9.999008928513944960e-01 1.140013159982074947e-02 -1.723648275045118472e-01 -8.186080475579794388e-03 -1.146776050346785120e-02 9.999007343474631826e-01 8.253085469659524165e+00
9.999197498568141995e-01 8.470506968156585326e-03 9.420422145925075319e-03 -4.430390470838738159e-02 -8.553278693653876621e-03 9.999248640096206620e-01 8.781103159014886500e-03 -1.800423463798353774e-01 -9.345334092197744510e-03 -8.860974048993892904e-03 9.999170704915636421e-01 8.786263598407026976e+00
9.999177152800439172e-01 6.729338355072212591e-03 1.092147768736628256e-02 -3.587164090791400417e-02 -6.806633129225244522e-03 9.999519426830920654e-01 7.055641765000596373e-03 -1.857046790382931023e-01 -1.087347321209766043e-02 -7.129399745525761591e-03 9.999154660410933815e-01 9.287662350948862056e+00
9.999127417069656465e-01 3.484199547661015819e-03 1.274242261492508632e-02 -2.875954438520705175e-02 -3.550730059940304661e-03 9.999801640577249406e-01 5.202289152915593080e-03 -2.100175592830375582e-01 -1.272404425929199445e-02 -5.247080151949795948e-03 9.999052789308281453e-01 9.762643263649341208e+00
9.998924240838518163e-01 1.745807667405925925e-03 1.456339345149768212e-02 -1.166817565717502732e-02 -1.806240561984234078e-03 9.999898091516683518e-01 4.137522226237986059e-03 -2.450239441599912360e-01 -1.455602196851630246e-02 -4.163382146477725108e-03 9.998853876608597702e-01 1.020194284708031596e+01
9.998494092978641445e-01 5.015409826432884119e-03 1.661338015069162982e-02 -2.676574873556760575e-02 -5.050420471612719273e-03 9.999851121578700042e-01 2.066089237263936049e-03 -2.283332289545680072e-01 -1.660277081505841940e-02 -2.149682666554790511e-03 9.998598536032867745e-01 1.058657115158796103e+01
9.997589133693426389e-01 9.198431102593822295e-03 1.993750253084913132e-02 -2.436334102637037480e-02 -9.219692817795749340e-03 9.999570226418832419e-01 9.747569183877992025e-04 -2.405401986042429163e-01 -1.992767978022227590e-02 -1.158339565065456649e-03 9.998007530538971510e-01 1.100109834857580537e+01
9.996879923432796522e-01 9.857399283431508494e-03 2.295102716779715349e-02 -2.562815191311792334e-02 -9.901048963633847164e-03 9.999493830857159038e-01 1.788998211968846098e-03 -2.271009075023400769e-01 -2.293223098414284497e-02 -2.015679278789502156e-03 9.997349897830032361e-01 1.133177255502324776e+01
9.996356923437612618e-01 6.271840394199942534e-03 2.625160230236580142e-02 4.305648516700377390e-03 -6.337136276179378136e-03 9.999770284356187533e-01 2.404852668833010534e-03 -2.474582380096468914e-01 -2.623591686243230414e-02 -2.570336547570218223e-03 9.996524746190469379e-01 1.166480912330457365e+01
9.995800918231932952e-01 1.442536355192189368e-03 2.894061407483034670e-02 2.647692138472407253e-02 -1.518715856883269544e-03 9.999954394883774356e-01 2.610461032936924573e-03 -2.597237412668429446e-01 -2.893671690462288823e-02 -2.653317447088873824e-03 9.995777239893191002e-01 1.194576113019296670e+01
9.995133731972484226e-01 -2.498346715252217944e-03 3.109300717263605018e-02 3.108564778771018972e-02 2.378758435607873471e-03 9.999896336240421402e-01 3.882543941892923917e-03 -2.663040731577300257e-01 -3.110238532650389659e-02 -3.806691843252039444e-03 9.995089547863097446e-01 1.218785354972368928e+01
9.994343144811690394e-01 -3.281680737636995249e-03 3.347060863915203577e-02 3.758057502414698103e-02 3.122159286439623975e-03 9.999835233648675104e-01 4.817168594877888413e-03 -2.697475318171388414e-01 -3.348586614065647560e-02 -4.709943030719282442e-03 9.994280930506098670e-01 1.243331891699314617e+01
9.993549345589078925e-01 -2.306755853811667811e-03 3.583843861676951764e-02 6.419420653160609613e-02 2.167232553958440590e-03 9.999899232337227106e-01 3.931479256077343234e-03 -2.709533040579548135e-01 -3.584714706089032338e-02 -3.851272964365457484e-03 9.993498635196697011e-01 1.261831016068854971e+01
9.992799055616300441e-01 -1.065437053532204519e-03 3.792802677321382987e-02 5.417119261786039475e-02 9.607768883419963088e-04 9.999956810199732704e-01 2.777561295232306923e-03 -2.863572361935265986e-01 -3.793082293368189861e-02 -2.739120806503035632e-03 9.992766132862903605e-01 1.279949766169270298e+01
9.991852000507364107e-01 8.343529855601421880e-04 4.035145451574507353e-02 6.052655685850800299e-02 -9.142500661024673819e-04 9.999976581009463183e-01 1.961616855394812502e-03 -2.901923796541756584e-01 -4.034972403273371505e-02 -1.996909831559113072e-03 9.991836228108866846e-01 1.298931518457158596e+01
9.991066197082931755e-01 3.278355759744125408e-03 4.213329871705402685e-02 6.545120696540464300e-02 -3.341135746341684920e-03 9.999934106128594014e-01 1.419700227220377364e-03 -2.873005607320781030e-01 -4.212836753037504933e-02 -1.559204943032648297e-03 9.991109895807483987e-01 1.314405843616446568e+01
9.990447212397652876e-01 4.520577046606438776e-03 4.346503613053298576e-02 5.920027813667162048e-02 -4.530633262535117833e-03 9.999897278072543694e-01 1.328560706245866807e-04 -2.939188428432678024e-01 -4.346398981594044170e-02 -3.296532603834605168e-04 9.990549398755721455e-01 1.329123882637899712e+01
9.989549811937025181e-01 4.190071487176899589e-03 4.551251332626639334e-02 7.366650150596980307e-02 -4.118431388981316429e-03 9.999901285540556684e-01 -1.667730623106435453e-03 -3.067220313350405014e-01 -4.551905275243799120e-02 1.478547702638045164e-03 9.989623765212914952e-01 1.346115714090914395e+01
9.988934402861980866e-01 3.142852766886571406e-03 4.692565877497343468e-02 9.695286691762769471e-02 -3.000396534625745376e-03 9.999906754181947521e-01 -3.105914277817715431e-03 -3.169600562224538232e-01 -4.693498345984212922e-02 2.961681882784574470e-03 9.988935557606076765e-01 1.361883775261792096e+01
9.988477291724039420e-01 2.104267612755610084e-03 4.794565682570387649e-02 9.586262390877492434e-02 -1.912733696621309043e-03 9.999900084913293519e-01 -4.040343004864445711e-03 -3.202158532116882728e-01 -4.795368057335584050e-02 3.943980241329159489e-03 9.988417740120516530e-01 1.374162012185776938e+01
9.987618382496874503e-01 2.723970954826588492e-03 4.967263290953763399e-02 9.529827244382943485e-02 -2.469779391878984195e-03 9.999835441352032950e-01 -5.177997106457925963e-03 -3.226671167312831767e-01 -4.968592108237399746e-02 5.048905553988431751e-03 9.987521302964010861e-01 1.387174553219764483e+01
9.986957735691074367e-01 3.570946069515622615e-03 5.093132846435363681e-02 1.018288594080811044e-01 -3.202478344361577370e-03 9.999681215435124448e-01 -7.314371899394643897e-03 -3.198407201625936280e-01 -5.095582496905514541e-02 7.141725936193971114e-03 9.986753724937412757e-01 1.398718227295122851e+01
9.986528761783528552e-01 3.445940525860021961e-03 5.177410949778222388e-02 1.055809043226469818e-01 -2.955372778053978397e-03 9.999500425396792291e-01 -9.548727841274133599e-03 -3.233784149928204954e-01 -5.180442824900929888e-02 9.382852860602718115e-03 9.986131699810225637e-01 1.411726814917471096e+01
9.986158386342608440e-01 2.864248112729712512e-03 5.251859605930896818e-02 1.276430245542510833e-01 -2.248224139114398876e-03 9.999280274702272431e-01 -1.178496385917686406e-02 -3.320771684825100101e-01 -5.254857214451864184e-02 1.165057814592440968e-02 9.985504051215926546e-01 1.424059819978369390e+01
9.986391654691254560e-01 1.988955302776877071e-03 5.211392587650542224e-02 1.317535070543772169e-01 -1.272144164816762027e-03 9.999041833626306497e-01 -1.378425720452591124e-02 -3.389030254392788044e-01 -5.213634968244015844e-02 1.369920285752052741e-02 9.985460093841367346e-01 1.438383014637032531e+01
9.987403090330987387e-01 1.600527308065690171e-03 5.015210313236344308e-02 1.290346565982036509e-01 -8.529470182346600426e-04 9.998882653463495584e-01 -1.492411829043916935e-02 -3.386987093083261846e-01 -5.017038674597710385e-02 1.486254160864044355e-02 9.986300802220025030e-01 1.450292066259096480e+01
9.988923429901757078e-01 1.660456715990391366e-03 4.702478095279181286e-02 1.324014979597409880e-01 -9.195991656528439834e-04 9.998751933735386954e-01 -1.577187421849290255e-02 -3.401293012988484965e-01 -4.704510129229241139e-02 1.571116062900288629e-02 9.987692014918964079e-01 1.461851106271799416e+01
9.990641797234287580e-01 2.142761182835498449e-03 4.319922907115917449e-02 1.400105631179968946e-01 -1.416227705891975885e-03 9.998571638398375816e-01 -1.684179981023323572e-02 -3.409906551500112570e-01 -4.322914737830654136e-02 1.676485916006518334e-02 9.989245118057744621e-01 1.474892130658042255e+01
9.992829779618246366e-01 2.449810321315866457e-03 3.778264692740999908e-02 1.407192893407753220e-01 -1.766776944376781053e-03 9.998346066203890325e-01 -1.810077091223262491e-02 -3.458947699402317166e-01 -3.782074205498402175e-02 1.802103895006618509e-02 9.991220313844202394e-01 1.487170669111413090e+01
9.995215180050806003e-01 2.160012569047216682e-03 3.085562206954249598e-02 1.220621073222479674e-01 -1.579371397915790148e-03 9.998214524864980079e-01 -1.882999568411555108e-02 -3.487493361149216486e-01 -3.089078645482632585e-02 1.877225358290007112e-02 9.993464673381086127e-01 1.501304553394975905e+01
9.997135539048350727e-01 2.299882956834139319e-03 2.382269289266224915e-02 1.300068796940107574e-01 -1.832372875187931321e-03 9.998056762268761055e-01 -1.962784242401674484e-02 -3.547410304725436836e-01 -2.386320574899414293e-02 1.957856824936268433e-02 9.995235000005356918e-01 1.513424393133285584e+01
9.998745422594731425e-01 2.289963716756411929e-03 1.567341127680349153e-02 1.175717860775621487e-01 -1.965468823004343224e-03 9.997840544646313665e-01 -2.068771071705494471e-02 -3.503580484032471354e-01 -1.571740107214985790e-02 2.065430988517234778e-02 9.996631246420437655e-01 1.526615146520411415e+01
9.999824535181790486e-01 1.316877209369075180e-03 5.775681367498326432e-03 1.017825647525431448e-01 -1.190847960362888258e-03 9.997622941456358880e-01 -2.177009619329523665e-02 -3.578922822209107957e-01 -5.802977118651959747e-03 2.176283645078445905e-02 9.997463200225451541e-01 1.539624894249912401e+01
9.999739776372355005e-01 -2.212107803999064856e-04 -7.210763034459074725e-03 1.014010532480472682e-01 5.091685441936145973e-05 9.997212848565488752e-01 -2.360826151991785027e-02 -3.590481347876304241e-01 7.213975790436949476e-03 2.360728023825219707e-02 9.996952810151286117e-01 1.555705824196794929e+01
9.997323575325788303e-01 -8.411444990430779617e-04 -2.311938014128876728e-02 7.649554624162854810e-02 2.551793345786871475e-04 9.996789476461103163e-01 -2.533646612339571572e-02 -3.737090775273196330e-01 2.313326961590048136e-02 2.532378563300543770e-02 9.994116057757728155e-01 1.570236703011986101e+01
9.991042140249001280e-01 -3.809879191311446242e-04 -4.231576864736124460e-02 5.560837931449218174e-02 -7.310123039653958904e-04 9.996548783444211272e-01 -2.626004234157950507e-02 -3.748605617689994007e-01 4.231117002610794431e-02 2.626745251410830817e-02 9.987591230714973900e-01 1.587815973764455357e+01
9.979476930098546417e-01 3.689263879473516500e-04 -6.403331748566072623e-02 9.101205649122496438e-03 -2.044787682440407303e-03 9.996570329462435289e-01 -2.610814676619673327e-02 -3.816682147650344858e-01 6.400172526663949757e-02 2.618549955435300891e-02 9.976061842903110044e-01 1.606785579341170234e+01
9.961477614292182370e-01 8.899437630059672463e-04 -8.768606013632450347e-02 -1.714995483937487020e-02 -3.084309661264944200e-03 9.996853646416025141e-01 -2.489294600347376207e-02 -3.814129195042510467e-01 8.763631917300751528e-02 2.506750354825983129e-02 9.958370831012756108e-01 1.626859769964906022e+01
9.934352309215156440e-01 1.968514171031931874e-03 -1.143790475838103032e-01 -5.783134660070719801e-02 -4.686520010317989093e-03 9.997128731173106075e-01 -2.349910344238838669e-02 -3.965550483986178820e-01 1.142999499226109023e-01 2.388087706303583524e-02 9.931592145971416263e-01 1.651942732809852288e+01
9.895443969202069034e-01 2.865044585933392701e-03 -1.442001299503443690e-01 -1.392189473274128564e-01 -6.058070726060233238e-03 9.997459814408007350e-01 -2.170880890270612124e-02 -3.989916310313236236e-01 1.441013062092999231e-01 2.235540487065151849e-02 9.893103911187658417e-01 1.671748799141361275e+01
9.841756387954223584e-01 3.390401198938871805e-03 -1.771632478446904524e-01 -2.104214636789139004e-01 -6.732602300362568876e-03 9.998104698930616596e-01 -1.826735810822006575e-02 -4.126813838155393155e-01 1.770677394499005908e-01 1.917105853688915937e-02 9.840119343490494330e-01 1.700792877925548297e+01
9.768667584350950728e-01 4.407508124351870032e-03 -2.138034355288094268e-01 -3.102428300642492420e-01 -7.653168723275177721e-03 9.998676691937589123e-01 -1.435524731411926859e-02 -4.160417322400860041e-01 2.137118755636860656e-01 1.565943762151854671e-02 9.767712205697065553e-01 1.725211824456486553e+01
9.673801853558217090e-01 5.916031836910332249e-03 -2.532598982923334185e-01 -4.080614554388400372e-01 -8.388787376177975902e-03 9.999270974142786539e-01 -8.684936404090718223e-03 -4.366873366025295633e-01 2.531900590039473098e-01 1.052617868783477240e-02 9.673592895257050461e-01 1.748940092852765460e+01
9.555923510447076330e-01 9.879866567772260799e-03 -2.945261362707440322e-01 -5.495236049584164562e-01 -1.167151923906611585e-02 9.999225277910902543e-01 -4.325977119765654806e-03 -4.186550159767896129e-01 2.944605836940216714e-01 7.571437907198188405e-03 9.556336326594830899e-01 1.779293550087217568e+01
9.416186836262836479e-01 1.391181524701491645e-02 -3.363936884268574068e-01 -6.948917745977192251e-01 -1.468457009670906706e-02 9.998921454235230044e-01 2.468811131172742382e-04 -4.302998858774287338e-01 3.363608472107263991e-01 4.707328557451538262e-03 9.417214152400283922e-01 1.808694928737858021e+01
9.250486904175133640e-01 1.670012826311634974e-02 -3.794812552115153781e-01 -8.288713469256154820e-01 -1.569091992900874255e-02 9.998603426794794302e-01 5.752408021523510058e-03 -4.280422189146208534e-01 3.795243303972931082e-01 6.331521338265710258e-04 9.251815415049108315e-01 1.834609594675302091e+01
9.059923057343105546e-01 1.965857110581708395e-02 -4.228374142199707308e-01 -1.030125833213337172e+00 -1.549084284059072669e-02 9.997916711522539801e-01 1.329090322631642021e-02 -4.359864754062547920e-01 4.230106124827414105e-01 -5.491348574299648698e-03 9.061080898325462041e-01 1.864356991438048894e+01
8.843376684639741026e-01 2.416247288294228607e-02 -4.662221130055517748e-01 -1.234465555339585796e+00 -1.685180950413255746e-02 9.996610637004751387e-01 1.984374619089087494e-02 -4.385154762739564283e-01 4.665435754724771011e-01 -9.691886530641784236e-03 8.844451163753118683e-01 1.894357438243225999e+01
8.598579675076730711e-01 2.899397062439787801e-02 -5.097093487637879283e-01 -1.453491238353775916e+00 -1.927337254430728022e-02 9.995178723132769338e-01 2.434255665596987347e-02 -4.320489258805200183e-01 5.101693999890618558e-01 -1.110732370189300086e-02 8.600022184921045643e-01 1.917853450711771046e+01
8.323520258796485161e-01 3.277873568346508643e-02 -5.532771940886106465e-01 -1.706112910902617852e+00 -2.098377405416744154e-02 9.993976483043989223e-01 2.764094460786631000e-02 -4.347344988839105806e-01 5.538499714482881808e-01 -1.139715323415582161e-02 8.325384795903585378e-01 1.949120175368057062e+01
8.018023199838426596e-01 3.657411897999416489e-02 -5.964690826832516057e-01 -1.957563410976981721e+00 -2.371237471698690522e-02 9.992864668331525868e-01 2.939864831429503389e-02 -4.165138405690916867e-01 5.971187222165499353e-01 -9.428206671170063710e-03 8.020974674916346858e-01 1.973625081714140705e+01
7.685404329005447455e-01 3.947018496630311235e-02 -6.385825707629996240e-01 -2.284240348755509409e+00 -2.440766668752855986e-02 9.991774541041192892e-01 3.238334524555692984e-02 -4.258220575870077518e-01 6.393354949932157361e-01 -9.301600314647691728e-03 7.688716491420676258e-01 2.004131444557044617e+01
7.319468051177560053e-01 4.368619645431347231e-02 -6.799598384790543903e-01 -2.592152125140385177e+00 -2.583737818465389052e-02 9.990042788407161867e-01 3.637142805207527196e-02 -4.046040814252741535e-01 6.808717292267977284e-01 -9.053571778922195681e-03 7.323467279359513471e-01 2.030307900596729453e+01
6.936240039894919773e-01 4.491338575104449754e-02 -7.189356849906040070e-01 -2.886872919471411780e+00 -2.406317214132345714e-02 9.989419950565104900e-01 3.918997683749287503e-02 -3.906984075169845916e-01 7.199352145015807114e-01 -9.883236260201726589e-03 6.939709059125860335e-01 2.054028916396055493e+01
6.532891254779810142e-01 4.542890757150999659e-02 -7.557443497915696806e-01 -3.278072565278248529e+00 -2.205707890364026758e-02 9.989164954462003143e-01 4.097951213871413312e-02 -3.905922033100294177e-01 7.567871649272730483e-01 -1.010195768189792696e-02 6.535833138017815847e-01 2.081426960993001529e+01
6.111831499059339201e-01 4.448879413203553346e-02 -7.902378710981586840e-01 -3.656110337648439845e+00 -1.723040969120404747e-02 9.989302873079631828e-01 4.291146802410317901e-02 -3.685762762374001911e-01 7.913016367957967923e-01 -1.261064476002902134e-02 6.112959207991967014e-01 2.106403583490472542e+01
5.668223189273020601e-01 4.487891447284023810e-02 -8.226167572899215630e-01 -4.031598369646140156e+00 -1.252624926832896293e-02 9.988691811692723688e-01 4.586340571898389618e-02 -3.713168767922561675e-01 8.237448409092165136e-01 -1.569210032184749359e-02 5.667435112074240555e-01 2.129817463823294332e+01
5.208204118973847052e-01 4.652611161269989276e-02 -8.523974461664208802e-01 -4.525010107662112091e+00 -1.091189190267452362e-02 9.987949453542749323e-01 4.784963677142974048e-02 -3.519140658461260007e-01 8.535965329981370919e-01 -1.561979965745534382e-02 5.207004839455439127e-01 2.150663507414008180e+01
4.709643681517475811e-01 4.657422647180580605e-02 -8.809218985193895124e-01 -4.945697770607893062e+00 -9.743512111233478337e-03 9.988190360351472119e-01 4.759829002033483247e-02 -3.235985508338583005e-01 8.820984303256252934e-01 -1.383382631770324611e-02 4.708619739882914934e-01 2.170186789128942095e+01
4.198544600741254684e-01 4.570292763867067620e-02 -9.064399924740809134e-01 -5.476529728052851098e+00 -5.183330200826802986e-03 9.988357756530165110e-01 4.796067495244960011e-02 -3.027632193569074204e-01 9.075766519507884045e-01 -1.543812645148172347e-02 4.196025499349886889e-01 2.188271384282043996e+01
3.663881528071183946e-01 4.503538507303000982e-02 -9.293715726780629183e-01 -5.970661435913361181e+00 -1.048109953226249863e-04 9.988299714255928219e-01 4.835987143420596157e-02 -2.930564847887732194e-01 9.304621029407738053e-01 -1.762107659309584962e-02 3.659641897153612655e-01 2.205132652973847129e+01
3.126721033774028657e-01 4.392882101085956309e-02 -9.488447704532469995e-01 -6.455207655071803607e+00 2.612420199115855594e-03 9.988864575465268292e-01 4.710647679414810968e-02 -2.967688662892545848e-01 9.498575399697045674e-01 -1.720766342167414156e-02 3.122091705168765219e-01 2.218708157217898602e+01
2.595455750557827956e-01 4.885180451029351445e-02 -9.644944681922174023e-01 -7.055229091819014364e+00 2.883287360562970109e-03 9.986760934427934000e-01 5.135900115606642502e-02 -2.186410714810063105e-01 9.657265642620485036e-01 -1.611091719689456900e-02 2.590611085389833979e-01 2.230981652111622537e+01
2.080789936663546835e-01 5.464087461356426784e-02 -9.765846048260737877e-01 -7.643657112117489660e+00 5.768359364272590203e-03 9.983524938958638906e-01 5.708786132168698624e-02 -1.864235796498528719e-01 9.780950233528292737e-01 -1.751207670570220643e-02 2.074209954337174477e-01 2.238624960295108934e+01
1.595826057158943878e-01 5.638772697667231160e-02 -9.855728279172308870e-01 -8.232806822868422358e+00 1.119924613624525764e-02 9.981996775790157317e-01 5.892351401691316160e-02 -1.910491181076203193e-01 9.871210591898703646e-01 -2.044084164224609090e-02 1.586638069328194234e-01 2.245872524272204629e+01
1.152005084225946052e-01 5.740279580114221458e-02 -9.916822801068201354e-01 -8.867202538220581687e+00 1.395142389206527334e-02 9.981369350773726667e-01 5.939710883375307754e-02 -1.662869753500628156e-01 9.932442889637485006e-01 -2.067795804883461666e-02 1.141850330616056980e-01 2.250750661334308589e+01
7.459524672400628942e-02 5.680660100297293957e-02 -9.955945670600739872e-01 -9.504056236452617767e+00 1.439082913214890028e-02 9.982108720638692700e-01 5.803411809882235567e-02 -1.514709589568498105e-01 9.971100592814670094e-01 -1.865650169408939602e-02 7.364429360281667114e-02 2.253253447026726519e+01
3.896562888037100741e-02 5.205393213273039332e-02 -9.978837861215771321e-01 -1.015507469247786787e+01 1.132701507015677379e-02 9.985550394573766697e-01 5.253124640083396690e-02 -1.125951645767556686e-01 9.991763586732453906e-01 -1.334995871823371413e-02 3.831971081955179437e-02 2.251600280902341567e+01
1.025372992409978937e-02 5.182167455986519400e-02 -9.986037040666190245e-01 -1.080343358322574510e+01 9.216552167915312982e-03 9.986088944036750625e-01 5.191657859157622346e-02 -6.498880935620222898e-02 9.999049622283143757e-01 -9.736022656042092605e-03 9.761850145741332932e-03 2.250312470729357273e+01
-1.136631074019679027e-02 5.590259231389164973e-02 -9.983715189735964390e-01 -1.152134485623707505e+01 7.865490334908457892e-03 9.984101345817862905e-01 5.581520556622493467e-02 -3.661821438714868426e-02 9.999044746232037539e-01 -7.218269487096904725e-03 -1.178793972564560859e-02 2.247687981881044195e+01
-2.435648631729448940e-02 6.196242490044051587e-02 -9.977812396789733640e-01 -1.226463365980284692e+01 9.087966068338313580e-03 9.980498232751516818e-01 6.175725924805138684e-02 1.011912089123256919e-02 9.996620367837280030e-01 -7.563613140279978886e-03 -2.487209786979598450e-02 2.242717226831333832e+01
-3.221880614134566695e-02 6.498990073575937332e-02 -9.973656521746190329e-01 -1.302382193978772307e+01 9.541508265286862550e-03 9.978582502443980040e-01 6.471376956353473708e-02 2.935061380468723113e-02 9.994353033056263547e-01 -7.431373147705602755e-03 -3.276990178656028624e-02 2.239760689069507293e+01
-3.674261948880037237e-02 6.235217466920250917e-02 -9.973776461501960844e-01 -1.376526704020256275e+01 9.910601395458511209e-03 9.980252310844250907e-01 6.202755866412512642e-02 7.172026111465477916e-02 9.992756262596854677e-01 -7.605558235239718440e-03 -3.728800744597483147e-02 2.239229258609498174e+01
-3.630953853417587945e-02 5.789973368106148682e-02 -9.976618771190663981e-01 -1.457816029087733689e+01 1.680294212768476680e-02 9.982144301374938911e-01 5.732026283526084343e-02 1.447503550515127080e-01 9.991993274067648700e-01 -1.468238348317449024e-02 -3.721758978103497512e-02 2.234744979911533491e+01
-3.179886796553204470e-02 5.635136251981413130e-02 -9.979044737497485551e-01 -1.538712926274654258e+01 2.804465816030712877e-02 9.980665935139572120e-01 5.546685476003318516e-02 1.172895578541297140e-01 9.991007689336539599e-01 -2.622210774843267145e-02 -3.331774111591011972e-02 2.233589714199357701e+01
-2.596180860332182941e-02 5.656568378319149631e-02 -9.980612659999061886e-01 -1.621053447003492920e+01 2.972775407876712336e-02 9.979999283105479568e-01 5.578892044000118705e-02 1.755612511608233284e-01 9.992208276791716415e-01 -2.822173971224551173e-02 -2.759145245050844894e-02 2.231303643716422869e+01
-2.069761732514535310e-02 5.522669766684619452e-02 -9.982592865909863944e-01 -1.705979170685845858e+01 2.808069000035560633e-02 9.981113914715451507e-01 5.463629729058888662e-02 2.543264910563051151e-01 9.993913651919812402e-01 -2.690096949669404380e-02 -2.220932999425098003e-02 2.228497376394245322e+01
-1.745043147880143142e-02 4.967833051487494100e-02 -9.986128021751056183e-01 -1.791728413501226314e+01 3.147133536405474774e-02 9.982973001060841955e-01 4.911268238347329257e-02 2.373422921714266609e-01 9.993523176649141693e-01 -3.057064203087300411e-02 -1.898416061968619811e-02 2.225672153330584635e+01
-1.593112175348872228e-02 3.880048135896037309e-02 -9.991199651398028347e-01 -1.879491100007043514e+01 2.911503813320513029e-02 9.988410673349384927e-01 3.832540531798424299e-02 2.512754461780619120e-01 9.994491138845083000e-01 -2.847885029314778035e-02 -1.704233474013384930e-02 2.225723400579028421e+01
-1.485095057427522972e-02 3.044263837502819356e-02 -9.994261742426571171e-01 -1.970886886913906366e+01 2.228018030109479158e-02 9.992983146611563727e-01 3.010767062122556709e-02 3.181584323806812553e-01 9.996414658087389160e-01 -2.182026887151036418e-02 -1.551879594272476647e-02 2.224283542247456680e+01
-1.626208601338469811e-02 2.699264097253576897e-02 -9.995033389726615258e-01 -2.060613064469588451e+01 1.600267440588412637e-02 9.995145240443981116e-01 2.673257557835378648e-02 3.095297571558787708e-01 9.997397042750917340e-01 -1.556000003779849615e-02 -1.668614419826492529e-02 2.219719503453064391e+01
-1.985354753815759057e-02 3.261787428758389229e-02 -9.992706808791689266e-01 -2.155938548262441401e+01 7.012900978883261638e-03 9.994476416311616207e-01 3.248431666186866323e-02 3.546621094186501733e-01 9.997783120305910876e-01 -6.362858310163244796e-03 -2.007132577983239061e-02 2.214347366569149855e+01
-2.402666238278730604e-02 4.094167923937356429e-02 -9.988726050655418742e-01 -2.253352639787376788e+01 1.954623541821315195e-03 9.991610675403524988e-01 4.090648519467941086e-02 4.072157603539412474e-01 9.997094159206916242e-01 -9.695744550700761966e-04 -2.408652979819771167e-02 2.210136545829461241e+01
-2.862677947186507976e-02 5.034166209987651908e-02 -9.983216953117046710e-01 -2.350633138609122241e+01 4.323436170001514547e-04 9.987315442899603601e-01 5.034993033302050808e-02 4.061399980138224453e-01 9.995900849433431157e-01 1.009737496551263783e-03 -2.861223115824442637e-02 2.206741567114123370e+01
-3.061431059891597806e-02 6.029470493045014506e-02 -9.977110279723279129e-01 -2.451879623930235397e+01 -7.861817570187501492e-04 9.981771495763824831e-01 6.034699608976146212e-02 4.814283697667489093e-01 9.995309716293574454e-01 2.631863056252863389e-03 -3.051110128438249899e-02 2.202421266270334144e+01
-3.142259881307434000e-02 6.788040413675210105e-02 -9.971985027188875472e-01 -2.554281132702523038e+01 1.228215396966127887e-03 9.976930521340732216e-01 6.787536483589574898e-02 5.209693669315405007e-01 9.995054422627550617e-01 9.080449478398953250e-04 -3.143347886428986271e-02 2.199572960197831151e+01
-3.310960130722016836e-02 6.984258518778296843e-02 -9.970084003707062603e-01 -2.657194022168199865e+01 2.461905422846489937e-03 9.975580147477589588e-01 6.979932786579276516e-02 5.423744939545775967e-01 9.994487033688514988e-01 -1.435133369845006945e-04 -3.320069257917621086e-02 2.196229773526056661e+01
-3.449085819171802264e-02 6.642657418672588687e-02 -9.971950028734261062e-01 -2.758430906209551736e+01 1.102690724642349518e-03 9.977906045379477673e-01 6.642810785003577800e-02 6.134986369590581523e-01 9.994044136970957615e-01 1.191563915704560439e-03 -3.448790080460422541e-02 2.192104003994151995e+01
-3.755395716848902721e-02 6.167577513019870117e-02 -9.973894835405946457e-01 -2.862761071791908662e+01 -1.247349450745323038e-03 9.980898753270217583e-01 6.176604927637030507e-02 6.669291577496900825e-01 9.992938315447255082e-01 3.563651967275897545e-03 -3.740529177601335103e-02 2.186507441117788275e+01
-4.195648084427367613e-02 5.606998252392865478e-02 -9.975448829973970755e-01 -2.965487530013088602e+01 -1.434361961811196975e-03 9.984196556073792195e-01 5.617947903236918117e-02 6.868596767602594966e-01 9.991184182388077595e-01 3.787932851702304100e-03 -4.180974909744392815e-02 2.182028894248481521e+01
-4.767790533929212177e-02 5.192914362892162711e-02 -9.975119870036276426e-01 -3.068151789006154928e+01 -6.931846473249864832e-04 9.986457351200254129e-01 5.202129551500048188e-02 7.305456640016367853e-01 9.988625301711160365e-01 3.171725576685092279e-03 -4.757733893454169083e-02 2.176800101472248627e+01
-5.445228398184039781e-02 4.962484202035154224e-02 -9.972824608275984160e-01 -3.171260641190839635e+01 -2.514901156349473241e-03 9.987542784882496028e-01 4.983539349512292049e-02 7.670107629185216602e-01 9.985132154262795767e-01 5.221717012962132955e-03 -5.425964862170520181e-02 2.169337106741284060e+01
-6.059323512018897212e-02 5.182238806516907548e-02 -9.968163736755810689e-01 -3.277524679387752826e+01 -1.741231927024198059e-03 9.986443551929358176e-01 5.202326325760983639e-02 8.088776827750885356e-01 9.981610317504496788e-01 4.887945513940724490e-03 -6.042085601329635902e-02 2.161934360446582915e+01
-6.727730663351047524e-02 5.646457986813110952e-02 -9.961352810427884785e-01 -3.383363149291638194e+01 -3.141315285169067606e-03 9.983804073392825718e-01 5.680399936070436306e-02 8.400188408484320357e-01 9.977293788802974461e-01 6.950794280626679603e-03 -6.699097034841405840e-02 2.153860267530627226e+01
-7.313377192817169248e-02 6.001929912177670495e-02 -9.955144991762955309e-01 -3.489228484125911933e+01 -5.507394229383391279e-03 9.981479898959105812e-01 6.058266120804438326e-02 9.035770859607601402e-01 9.973069423885499996e-01 9.913328574508366992e-03 -7.266777609739240307e-02 2.144677026192827185e+01
-7.785994190929604319e-02 6.160000621701693102e-02 -9.950594211580757742e-01 -3.595210242117973110e+01 -8.628177570089977724e-03 9.980103090164679225e-01 6.245780668168429001e-02 9.390354208106155287e-01 9.969269789284457284e-01 1.344850984963948462e-02 -7.717352748911969484e-02 2.134997966099262356e+01
-8.091697300876656007e-02 6.313010071829064374e-02 -9.947195669298873888e-01 -3.702602381728563330e+01 -1.300621851760482006e-02 9.978402976886374676e-01 6.438616746722726492e-02 9.926768020633640610e-01 9.966359912583065972e-01 1.814747314004253043e-02 -7.992113114706306254e-02 2.124192934865782334e+01
-8.224188927936734728e-02 6.425203790836662987e-02 -9.945390541605751977e-01 -3.810849407463963701e+01 -1.666305047516066992e-02 9.976914737402936550e-01 6.583362326811162402e-02 1.062028934449606332e+00 9.964730963282429910e-01 2.198633536314427775e-02 -8.098139536492393598e-02 2.115176940068421274e+01
-8.427304991858991512e-02 6.406449597117781780e-02 -9.943811021938379069e-01 -3.917435693138638442e+01 -1.789911693291185851e-02 9.976727104869475005e-01 6.579349772619016989e-02 1.100365641468963984e+00 9.962819339807293950e-01 2.334316170369739665e-02 -8.293022282644257892e-02 2.104225608525161917e+01
-8.581692088501836901e-02 6.380025646370934833e-02 -9.942660440537514077e-01 -4.024250547126646183e+01 -1.827549525429866123e-02 9.976788496866154654e-01 6.559663972074822325e-02 1.146097057883359138e+00 9.961433027764984294e-01 2.380000537698063329e-02 -8.445174422603080044e-02 2.093732860972856002e+01
-8.658888636290038021e-02 6.298142681978016744e-02 -9.942513201548732749e-01 -4.133353901019392396e+01 -1.929722989571055342e-02 9.977064140950976379e-01 6.488087681619451874e-02 1.194194319681263217e+00 9.960572267588936324e-01 2.480425854499602664e-02 -8.517491883941188946e-02 2.084049961385995786e+01
-8.748993609838928709e-02 6.229091748638772297e-02 -9.942159401652930217e-01 -4.242641214584327258e+01 -2.104560250409773584e-02 9.977047064864085213e-01 6.436148894390442132e-02 1.255347567605608727e+00 9.959430761827724465e-01 2.655485542771094526e-02 -8.597816972516372780e-02 2.074097555961070327e+01
-8.849587182023932463e-02 6.013259708433449369e-02 -9.942597922266497301e-01 -4.349519621768108379e+01 -2.525006102158194529e-02 9.977199082378501727e-01 6.258928921705735060e-02 1.295114993704145512e+00 9.957564623868748743e-01 3.064401357311184390e-02 -8.677573996550871915e-02 2.062535633955560854e+01
-8.836184459105832223e-02 5.507056836543086642e-02 -9.945649299630809903e-01 -4.457754294479516233e+01 -3.142166528094694766e-02 9.978195005716651300e-01 5.804242629502302103e-02 1.325312559024535597e+00 9.955927283102155023e-01 3.637962167004331338e-02 -8.643876127376996787e-02 2.050633890254968961e+01
-8.806176594436289362e-02 5.408928740960539105e-02 -9.946453927685338092e-01 -4.568427853498985058e+01 -3.341708635793830262e-02 9.978021947600166364e-01 5.721956393947382619e-02 1.388090323378454283e+00 9.955543385521659072e-01 3.827700633947542924e-02 -8.606071554591777917e-02 2.041240311977420419e+01
-8.592816195958484504e-02 5.788959145082527707e-02 -9.946180820641553622e-01 -4.679593689619050423e+01 -3.342168900710141416e-02 9.975811520465401872e-01 6.094945288010794604e-02 1.449903377167285567e+00 9.957406082818078819e-01 3.847909018349926491e-02 -8.378554547877979652e-02 2.029675551316000437e+01
-8.427194124746857640e-02 6.144916001782450843e-02 -9.945462400684974558e-01 -4.789841944111228855e+01 -3.351591402052766372e-02 9.973571249165535946e-01 6.446277144044472440e-02 1.503938513503824126e+00 9.958789789544870708e-01 3.876552866432707994e-02 -8.198969486964770292e-02 2.021540076794151020e+01
-8.266560835753043734e-02 6.121612293154460316e-02 -9.946954139150386842e-01 -4.901964752604725106e+01 -3.100742371911826417e-02 9.974703854173204709e-01 6.396381712308862877e-02 1.542048902643818886e+00 9.960948519949354152e-01 3.613054950695920170e-02 -8.055834056620900241e-02 2.008910819328468023e+01
-8.043353756751803196e-02 6.069820354800483514e-02 -9.949101251296559312e-01 -5.010060867496567738e+01 -3.098896292280526807e-02 9.975093637639041999e-01 6.336208166046579382e-02 1.585337259062858495e+00 9.962781476656296098e-01 3.592766883374302889e-02 -7.835223110403335967e-02 2.000794249283577741e+01
-7.630654708033413058e-02 6.106075949097378858e-02 -9.952129809599999932e-01 -5.123109378284446791e+01 -3.467753133679207095e-02 9.973567571008893351e-01 6.385113863803083822e-02 1.642305331246211475e+00 9.964812075501013888e-01 3.938378876046838561e-02 -7.398741253987695110e-02 1.992201001537308258e+01
-7.033290508823454579e-02 6.164559257017303978e-02 -9.956169375334374960e-01 -5.236981110541112372e+01 -3.965673498045221845e-02 9.971268040977714353e-01 6.454052952203157001e-02 1.716749677091589543e+00 9.967349914308391012e-01 4.402223952215848779e-02 -6.768616054519389913e-02 1.981680483190513797e+01
-6.510295416691296022e-02 6.186413294716890110e-02 -9.959590439965683162e-01 -5.346843259966416184e+01 -4.361455016695126724e-02 9.969462313147291477e-01 6.477640713166804565e-02 1.753733590229961781e+00 9.969249689338536280e-01 4.765544073680240411e-02 -6.220596707310310086e-02 1.974967081711895744e+01
-5.878745254783391411e-02 6.090337792721028931e-02 -9.964109578184411342e-01 -5.459701154634652198e+01 -4.520088902678129350e-02 9.969511079267315834e-01 6.360320809737236847e-02 1.806979226601004518e+00 9.972466757869784537e-01 4.877773130095343357e-02 -5.585532772131030638e-02 1.966612324165991765e+01
-5.343196782181725696e-02 6.036415394716336535e-02 -9.967452917342334295e-01 -5.573553438594942833e+01 -4.473663596771746548e-02 9.970242740445233176e-01 6.277921960125289191e-02 1.856002371794438943e+00 9.975688826010710164e-01 4.794544809596568147e-02 -5.057247834582333235e-02 1.960514739931818085e+01
-4.801639896117008283e-02 6.000278887110208070e-02 -9.970426638824142485e-01 -5.685770320662426514e+01 -4.313080060631967194e-02 9.971384569603659598e-01 6.208568057322969014e-02 1.903959885652435569e+00 9.979149146043556629e-01 4.598437870695441104e-02 -4.529102824386584819e-02 1.954039375822561553e+01
-4.245816276280521551e-02 6.089515996567321926e-02 -9.972407265725602432e-01 -5.800696974690990260e+01 -4.240799531254257904e-02 9.971313958613849948e-01 6.269402970734458402e-02 1.950664839852269683e+00 9.981978179045924993e-01 4.495285293145238198e-02 -3.975392404004884916e-02 1.948438745059995725e+01
-3.669245121251771269e-02 6.224159236664373457e-02 -9.973864000558499976e-01 -5.914230845186287411e+01 -3.996325002437813023e-02 9.971687310072692156e-01 6.369819920002681157e-02 2.004013522512593681e+00 9.985272254646823109e-01 4.219604467155665950e-02 -3.410118729178331781e-02 1.944109687227447836e+01
-3.169700502274636067e-02 6.316299871360954443e-02 -9.974997334669355453e-01 -6.030068911970753476e+01 -4.207219096635274325e-02 9.970323516906338668e-01 6.447030685518836957e-02 2.062477036613854953e+00 9.986116602259377251e-01 4.401051445964630771e-02 -2.894553231177767957e-02 1.939061287442362769e+01
-2.547784586351260067e-02 6.317935379237231419e-02 -9.976769173482391562e-01 -6.144215173620337822e+01 -4.145145615078713042e-02 9.970758033081178473e-01 6.419983859639473434e-02 2.108263655954988103e+00 9.988156353752148942e-01 4.299083411825135870e-02 -2.278446601350146011e-02 1.935141403719122621e+01
