1.000000000000000000e+00 0.000000000000000000e+00 0.000000000000000000e+00 0.000000000000000000e+00 0.000000000000000000e+00 1.000000000000000000e+00 0.000000000000000000e+00 0.000000000000000000e+00 0.000000000000000000e+00 0.000000000000000000e+00 1.000000000000000000e+00 0.000000000000000000e+00
9.999992984925800688e-01 -1.181571687585864297e-03 -8.308245843805109950e-05 1.147574162362866579e-01 1.181552214296318747e-03 9.999992745784288539e-01 -2.340448268665325574e-04 -1.511173933272893372e-02 8.335893890929498126e-05 2.339464964196132470e-04 9.999999691601615392e-01 4.355320218454804791e-03
9.999969160757730124e-01 -2.477796212111601278e-03 -1.684187475662910286e-04 2.784559934621846922e-01 2.477698350300530736e-03 9.999967629905884836e-01 -5.788084568410296242e-04 -3.722185044066286808e-02 1.698523717951189562e-04 5.783893809866020837e-04 9.999998183079313874e-01 1.104583368606919247e-02
9.999896518307448412e-01 -4.533427327123431237e-03 -3.798264016660965340e-04 4.357917104216962323e-01 4.533211242756016342e-03 9.999895637192433018e-01 -5.678454243908963219e-04 -3.317794031970969226e-02 3.823967236556456229e-04 5.661177149160056144e-04 9.999997666417120845e-01 1.305222910555952492e-02
9.999824443213719549e-01 -5.692977270722327475e-03 -1.643489838481732761e-03 5.787459264901297917e-01 5.692278229646532094e-03 9.999837065286806270e-01 -4.297042212477898823e-04 -1.307094848919544347e-02 1.645909356691882932e-03 4.203414760703417510e-04 9.999985571466756262e-01 -1.939317002917655131e-03
9.999721756781617676e-01 -6.500512933679578921e-03 -3.659399005665737222e-03 7.085179659469192925e-01 6.502076018234198736e-03 9.999787749967449235e-01 4.154075859709360687e-04 -4.293831237528546868e-03 3.656620972524577979e-03 -4.391897180524592745e-04 9.999932180947302962e-01 -2.490507849652841971e-02
9.999503286003810221e-01 -7.468665392216567583e-03 -6.599952215677851522e-03 8.499977426669484970e-01 7.479989166680640900e-03 9.999705917976404734e-01 1.692720279050038924e-03 -6.400307904667775633e-03 6.587115761580684958e-03 -1.742003770338495247e-03 9.999767873949912955e-01 -1.489658105664068422e-02
9.999320576903270030e-01 -9.035365829275918831e-03 -7.364928208730318372e-03 1.000911178697809545e+00 9.050313886868381619e-03 9.999570473228498457e-01 1.998831637988092002e-03 2.257933030404985116e-03 7.346551690266381156e-03 -2.065350744793220238e-03 9.999708808283185313e-01 3.955485202467974581e-03
9.999299311589310291e-01 -9.849159544236546146e-03 -6.567102006789947086e-03 1.146522569520916024e+00 9.860237839419085451e-03 9.999500142783463996e-01 1.656699877772177618e-03 1.552156460000597357e-02 6.550456644043869958e-03 -1.721336982434418499e-03 9.999770639953435847e-01 7.130125680397237861e-03
9.999301996136673587e-01 -1.032479259927305583e-02 -5.744088992457418823e-03 1.323479406114310475e+00 1.033556451760549687e-02 9.999448775197006256e-01 1.848791013986723691e-03 2.286493097501996613e-02 5.724683980246282090e-03 -1.908030370036110273e-03 9.999817935409790470e-01 8.701868686711208487e-03
9.999033741671251585e-01 -1.255394442337587693e-02 -5.969992346133897072e-03 1.502539454335980018e+00 1.256572769023861155e-02 9.999191654943216934e-01 1.940351708870334058e-03 2.690261738556532639e-02 5.945150697238732636e-03 -2.015181518904721712e-03 9.999802969192107538e-01 -1.909339661211833031e-03
9.998790605543955712e-01 -1.418004931337711258e-02 -6.386741448460539136e-03 1.636582090654126187e+00 1.418940362283264284e-02 9.998983145992886845e-01 1.421719497765702028e-03 1.957295764881785555e-02 6.365931957509004396e-03 -1.512171608044718830e-03 9.999785938945594532e-01 -5.860342669973047681e-03
9.998647990230412619e-01 -1.508667578495960851e-02 -6.540327849034161846e-03 1.779246638831442739e+00 1.509269380214494499e-02 9.998857187843595007e-01 8.717596454844121767e-04 1.064302254904122766e-02 6.526428457283051619e-03 -9.703529483197832241e-04 9.999782318364474065e-01 1.103342060043571889e-02
9.998569412176386839e-01 -1.556004650822183193e-02 -6.631896528852211127e-03 1.952138427415867739e+00 1.556730060176656459e-02 9.998782776152563834e-01 1.043601994328948726e-03 1.641912187127097730e-02 6.614850783023515195e-03 -1.146693424722824680e-03 9.999774641677221521e-01 2.477420617108450421e-02
9.998477557963966200e-01 -1.610776400662595337e-02 -6.708589092803815025e-03 2.134217744857674237e+00 1.612052180175520266e-02 9.998683407782336108e-01 1.851995200109835980e-03 3.988947282811760447e-02 6.677874343559933416e-03 -1.959859201305078936e-03 9.999757821798299640e-01 3.132169027786110838e-02
9.998352496457758587e-01 -1.667756781081237635e-02 -7.164656145608854984e-03 2.298043631836588663e+00 1.670107566688399867e-02 9.998552975790977460e-01 3.233879184944126253e-03 5.924004994284805259e-02 7.109686163120772576e-03 -3.353003866617907877e-03 9.999691043865966966e-01 2.948904405801107409e-02
9.998293306112951973e-01 -1.688282242203489186e-02 -7.501996829874407399e-03 2.462271220904966196e+00 1.690831579833169951e-02 9.998514392501827164e-01 3.347877865465048557e-03 6.427228187817071725e-02 7.444360700106926118e-03 -3.474152616713891209e-03 9.999662553093291439e-01 2.648410404551172423e-02
9.998236561209949969e-01 -1.725801452173478939e-02 -7.403890572788933248e-03 2.638972350035008851e+00 1.727390903319244581e-02 9.998486142350552219e-01 2.088223875132610638e-03 5.341088001370095095e-02 7.366731131189332461e-03 -2.215749761880305736e-03 9.999704104249452774e-01 2.027271837327964191e-02
9.998295593669328518e-01 -1.704063968874438770e-02 -7.104140702661525426e-03 2.823559809471154924e+00 1.704909881349953374e-02 9.998540128913814273e-01 1.131872187484670497e-03 5.034493438531559284e-02 7.083815763580486417e-03 -1.252798467297164785e-03 9.999741246903481873e-01 2.915294397508171736e-02
9.998320749292749499e-01 -1.686928544863995974e-02 -7.158851239762275068e-03 2.990077173260380583e+00 1.687649959903875577e-02 9.998571318387381446e-01 9.485106725185885176e-04 5.768996423405502172e-02 7.141827770563106276e-03 -1.069167743874248431e-03 9.999739252482692242e-01 3.465335991299346025e-02
9.998256071415724255e-01 -1.700754415509082157e-02 -7.713543012054635724e-03 3.157380673772965718e+00 1.701732087465724491e-02 9.998544704636204150e-01 1.203612961987812063e-03 6.103216718264034557e-02 7.691949963119598839e-03 -1.334666896999534523e-03 9.999695258206816595e-01 2.122141571574495331e-02
9.998224068441992074e-01 -1.687934188140304687e-02 -8.381085247351894099e-03 3.336094661717272203e+00 1.689310663417336461e-02 9.998560619254338588e-01 1.574286889206934258e-03 6.084423442538632043e-02 8.353305963456280139e-03 -1.715589873423756717e-03 9.999636388543671206e-01 1.915479790200327187e-02
9.998226501586631176e-01 -1.666479529316947442e-02 -8.772276075472316623e-03 3.531140543956781119e+00 1.668190510574235966e-02 9.998590782124305854e-01 1.880892934675269367e-03 6.854930618380121465e-02 8.739695174921976659e-03 -2.026897635664136072e-03 9.999597538972375688e-01 2.553635483219974384e-02
9.998297409518522860e-01 -1.622917743748336639e-02 -8.780826148758935981e-03 3.729861195733298107e+00 1.624588578624017871e-02 9.998663433326647754e-01 1.834847564849089287e-03 7.801399129748678996e-02 8.749874466098773659e-03 -1.977187464170770872e-03 9.999597644038279443e-01 3.885143448838551672e-02
9.998349493722326065e-01 -1.566465815171109652e-02 -9.202852754172922978e-03 3.917049607117836452e+00 1.568041165510447935e-02 9.998757062932130957e-01 1.642149498309764194e-03 9.060439198366959657e-02 9.175985186966065243e-03 -1.786182980090923874e-03 9.999563044684554036e-01 3.430529253770529113e-02
9.998394789329474452e-01 -1.511270893393399858e-02 -9.624052980438255883e-03 4.113412941312544646e+00 1.512830024374096222e-02 9.998843604174281197e-01 1.549298023618965242e-03 8.053521582256752132e-02 9.599525968886076649e-03 -1.694644891696771684e-03 9.999524875112135724e-01 2.269866793008506328e-02
9.998411792179278113e-01 -1.483929078881294529e-02 -9.869741080120770713e-03 4.325963810481945337e+00 1.485616350146127217e-02 9.998882987491793939e-01 1.638423171749270367e-03 6.943592174870066858e-02 9.844325579816128394e-03 -1.784789443303131133e-03 9.999499506377914626e-01 3.286764812944076991e-02
9.998520365819075773e-01 -1.439174984814880869e-02 -9.422445506345191249e-03 4.544208179374039425e+00 1.440966130687946871e-02 9.998944901637132343e-01 1.835810793370871172e-03 8.116837986776798131e-02 9.395030815955671480e-03 -1.971313408959875658e-03 9.999539225981419754e-01 5.427637771555343660e-02
9.998719647109152175e-01 -1.341406758104657718e-02 -8.724504344977096482e-03 4.750682098074650916e+00 1.347214627955908503e-02 9.998872485158324386e-01 6.632611104241357795e-03 9.238111013594686727e-02 8.634550350572482019e-03 -6.749299694713419874e-03 9.999399439435722181e-01 6.742653466989025068e-02
9.998723241973094256e-01 -1.281287535599433779e-02 -9.548064169359540485e-03 4.958211819390180075e+00 1.291579746770813407e-02 9.998582953979011645e-01 1.079681896562864098e-02 1.102350250260939468e-01 9.408372869077771469e-03 -1.091876133612082987e-02 9.998961261905364717e-01 5.183365994664988069e-02
9.998668233611053280e-01 -1.246612054409202211e-02 -1.053239670503825116e-02 5.192531897566449395e+00 1.263140742102651995e-02 9.997957745977413824e-01 1.577519074579661340e-02 1.078678248521059146e-01 1.033359029264127073e-02 -1.590612885281637856e-02 9.998200898044514728e-01 2.208468194748458568e-02
9.998658932187377557e-01 -1.211672003193286877e-02 -1.101728975580685069e-02 5.426174437626689162e+00 1.229902987577187294e-02 9.997860115890665478e-01 1.663324667470867865e-02 1.114701416293671088e-01 1.081339179029968886e-02 -1.676651801939189543e-02 9.998009574067704408e-01 1.332270697720400708e-02
9.998820232675618147e-01 -1.132862412168767624e-02 -1.037312980138551700e-02 5.658135033699019267e+00 1.146875452955743377e-02 9.998424113960264759e-01 1.355064733950661279e-02 1.161985323065567316e-01 1.021798492402646412e-02 -1.366801555780640387e-02 9.998543784645861354e-01 4.286123068640166484e-02
9.999029599487087028e-01 -1.024797199189508151e-02 -9.436617819127180590e-03 5.899399249671855472e+00 1.034608642602553863e-02 9.998923127464900418e-01 1.040775701775221648e-02 1.192489704981394560e-01 9.328943213255440348e-03 -1.050437911200344937e-02 9.999013095490950631e-01 9.260968911340870802e-02
9.999132373448870181e-01 -9.609973110664893001e-03 -9.009228561861887946e-03 6.139010577985231087e+00 9.703019464747933073e-03 9.998994451745517598e-01 1.034170937951175810e-02 1.186035821584399824e-01 8.908939091401009425e-03 -1.042822882544569389e-02 9.999059369999909741e-01 1.143772079044695633e-01
9.999141808906628626e-01 -9.103660461751502883e-03 -9.420945809840380533e-03 6.389914488803889903e+00 9.216558681184929339e-03 9.998853944894499080e-01 1.201053424096305139e-02 1.256901276403612211e-01 9.310526291842010152e-03 -1.209633220750048685e-02 9.998834896363149038e-01 8.526894897301887100e-02
9.999108435280613660e-01 -8.621813039216037408e-03 -1.019653543697594637e-02 6.638326180361476148e+00 8.763214802361021447e-03 9.998649162502107890e-01 1.390522629397474008e-02 1.258748888620543627e-01 1.007526978935961888e-02 -1.399334098333096868e-02 9.998513266215112161e-01 6.329057323237217980e-02
9.999044410221507029e-01 -8.228839832150312145e-03 -1.110833107164065948e-02 6.876262206129081456e+00 8.386938765378704891e-03 9.998631220283467069e-01 1.426171328674425386e-02 1.381204951195920405e-01 1.098945323144645027e-02 -1.435351534448359688e-02 9.998365909061988077e-01 6.016800508583033946e-02
9.999067078230384764e-01 -7.901208464729827380e-03 -1.114210730919465604e-02 7.123399149819809928e+00 8.049418797895644545e-03 9.998788807036337323e-01 1.332031455576651244e-02 1.340672309526907136e-01 1.103551120287644439e-02 -1.340875936264659604e-02 9.998491999620972015e-01 8.191077293142152993e-02
9.999239784874287551e-01 -6.347760391883092851e-03 -1.057086485957133871e-02 7.391543934179556352e+00 6.486087314209056098e-03 9.998931124748047239e-01 1.310321704009620968e-02 1.377771564540878901e-01 1.048655888385395703e-02 -1.317078446618315767e-02 9.998582712161363517e-01 1.119581015335104623e-01
9.999398295256393121e-01 -4.788862313346495085e-03 -9.869352865267367811e-03 7.671389978994893610e+00 4.961683808509164718e-03 9.998334742373358175e-01 1.756147739465920357e-02 1.427106550190905543e-01 9.783609866492506621e-03 -1.760938932054595049e-02 9.997970746035106382e-01 1.128807434476135491e-01
9.999441783311764365e-01 -4.031349985568453281e-03 -9.766700511549195052e-03 7.955193867390883966e+00 4.243533476272931537e-03 9.997532852130394110e-01 2.180277801957505521e-02 1.561371551269070679e-01 9.676396293258615611e-03 -2.184300627269450054e-02 9.997145844848652763e-01 9.944916518651335247e-02
9.999458207647756725e-01 -3.508221353856979044e-03 -9.800403970824791283e-03 8.231769158115209706e+00 3.761249836451605391e-03 9.996569397967648429e-01 2.592017970298721857e-02 1.486353091767309009e-01 9.706108114316942814e-03 -2.595563713530645716e-02 9.996159744452733920e-01 8.778788879807485068e-02
9.999407051719012562e-01 -3.280718589741679278e-03 -1.038378668192310901e-02 8.487702659120591520e+00 3.545040321479476890e-03 9.996675142640678580e-01 2.554003943260058432e-02 1.326452954740334200e-01 1.029654453881713970e-02 -2.557533598282985335e-02 9.996198694303377597e-01 7.068422587343169139e-02
9.999310480883651930e-01 -3.794654941768281151e-03 -1.111304021303111990e-02 8.760888649415488061e+00 4.037349009562650123e-03 9.997520516425058013e-01 2.189828873623004060e-02 1.345431016655519729e-01 1.102718830339432902e-02 -2.194164602925745625e-02 9.996984371737550612e-01 9.086883174615209557e-02
9.999150533388085904e-01 -3.559702079975770889e-03 -1.253852573269093745e-02 9.048127767824610146e+00 3.812905037548405037e-03 9.997881159696808684e-01 2.022831977625664732e-02 1.426098235717243867e-01 1.246386222734248081e-02 -2.027440965595974851e-02 9.997167601133233328e-01 1.213903804781201051e-01
9.998963764340086380e-01 -3.393636979033391038e-03 -1.398998292328250577e-02 9.355748875307707380e+00 3.640031229911727846e-03 9.998380502170938211e-01 1.762451448197606407e-02 1.641956504042086096e-01 1.392790604450167523e-02 -1.767361214168325367e-02 9.997467963775031885e-01 1.438653165151285995e-01
9.999080301019944717e-01 -3.776027050583545108e-03 -1.302585725632914547e-02 9.648654675782477597e+00 3.998522628445580311e-03 9.998458312659079805e-01 1.709752955766474444e-02 1.614495378598702902e-01 1.295928834229758027e-02 -1.714804128460951579e-02 9.997689740763925359e-01 1.407840577498237489e-01
9.999208526876353087e-01 -4.181705007663067200e-03 -1.186598936714596507e-02 9.936207040553695080e+00 4.398491787969248043e-03 9.998228166222743463e-01 1.830269465114581218e-02 1.478066760174976679e-01 1.178735044119341192e-02 -1.835343849884266132e-02 9.997620765286336919e-01 1.329963594296290907e-01
9.999296824572954101e-01 -4.394996838825680763e-03 -1.101427000028153656e-02 1.022219212923229925e+01 4.606683665810049760e-03 9.998037376628989836e-01 1.926822827610791267e-02 1.580212345951824693e-01 1.092742451154655493e-02 -1.931761263934438089e-02 9.997536802810284007e-01 1.157346147429348104e-01
9.999210553314895611e-01 -4.547047045725580681e-03 -1.171355914844237830e-02 1.052467800168931156e+01 4.760349955763778541e-03 9.998221797917180576e-01 1.824685904028638603e-02 1.690357513725070648e-01 1.162850691442197243e-02 -1.830117918882221903e-02 9.997648946963679784e-01 1.064874691485194064e-01
9.999013110277932270e-01 -5.181534925816887356e-03 -1.305832687264216196e-02 1.083773963656657990e+01 5.383126083594514354e-03 9.998661480342678765e-01 1.545017697904257567e-02 1.724548730198242619e-01 1.297652335829412376e-02 -1.551894683695232563e-02 9.997953651275862663e-01 1.283254957274063413e-01
9.998923157677819251e-01 -5.038707166369600296e-03 -1.378289877470824723e-02 1.113796335184465036e+01 5.192786787697974138e-03 9.999241726715356604e-01 1.116619328698988806e-02 1.449611902680966735e-01 1.372559047617944242e-02 -1.123656251869246253e-02 9.998426615367258519e-01 1.578042503689987275e-01
9.999111469463605184e-01 -5.059498375108113788e-03 -1.233287025011551782e-02 1.141909021339825081e+01 5.174736033478320035e-03 9.999430848704669028e-01 9.330012149942772115e-03 1.464431365768419369e-01 1.228496314189534214e-02 -9.393002497952242930e-03 9.998804184424634478e-01 2.001585771165536043e-01
9.999404073805945314e-01 -5.572752813090941192e-03 -9.387550991333185393e-03 1.169870585537560892e+01 5.678530729911511650e-03 9.999202640270083986e-01 1.127917891104387831e-02 1.616148479952284889e-01 9.323946389815008021e-03 -1.133181425201072214e-02 9.998923212073776989e-01 1.997009675260799089e-01
9.999467743137584463e-01 -6.325454307748294182e-03 -8.150899785301143202e-03 1.198395416179619666e+01 6.441099336870763532e-03 9.998778493017546065e-01 1.424074137923362834e-02 1.831308828403430677e-01 8.059824988298238541e-03 -1.429248416120313184e-02 9.998653729966148207e-01 1.634052342408587599e-01
9.999385654004031565e-01 -7.042570358561623702e-03 -8.559651145250929058e-03 1.226525142758853448e+01 7.189527958461893430e-03 9.998251709741136084e-01 1.726088567597155315e-02 1.771320691775327139e-01 8.436593667955160844e-03 -1.732136511159482195e-02 9.998143798715602992e-01 1.548781574738801181e-01
9.999238164786816707e-01 -7.500583825605073793e-03 -9.803187286935714437e-03 1.256261633636299990e+01 7.637525805136182594e-03 9.998727258151317576e-01 1.400715426466932374e-02 1.678741274425072927e-01 9.696877759544324585e-03 -1.408095924621034604e-02 9.998538378925306835e-01 1.592500087355024629e-01
9.999179435225552526e-01 -7.389186169593341819e-03 -1.046451859260973810e-02 1.287078555998455265e+01 7.480071886337102266e-03 9.999344134789052152e-01 8.672788777155441414e-03 1.718403437163748548e-01 1.039974741035635392e-02 -8.750352469987399129e-03 9.999076340269894558e-01 1.846999110984046122e-01
9.999246264760597303e-01 -7.452225101760591962e-03 -9.757341223151281412e-03 1.315762807937429102e+01 7.511077041962583266e-03 9.999537375516625026e-01 6.008866626126510742e-03 1.858603275449360603e-01 9.712110397952684188e-03 -6.081701858325819395e-03 9.999343417515593746e-01 2.158050460234851864e-01
9.999345884420995922e-01 -8.728649208937632603e-03 -7.391178533650229893e-03 1.343814791139697284e+01 8.784277173051371901e-03 9.999330840029072576e-01 7.527548803023307797e-03 1.893065382898762306e-01 7.324978612664210381e-03 -7.591982575204022157e-03 9.999443516960840883e-01 2.092483622419807621e-01
9.999346014106780256e-01 -9.573884641927038822e-03 -6.255688174098112363e-03 1.368762612965846692e+01 9.634569548413437004e-03 9.999061130755035887e-01 9.743721252939473512e-03 1.908501243861980556e-01 6.161815583516101931e-03 -9.803354890101321009e-03 9.999329608836852179e-01 1.899110364721082467e-01
9.999347827491755769e-01 -8.840572184580871087e-03 -7.230112848928672495e-03 1.397121986569836061e+01 8.919550123201567052e-03 9.999000983439768619e-01 1.096517019042756239e-02 1.858021032277000217e-01 7.132452170097142163e-03 -1.102894442612534220e-02 9.999137415351819769e-01 1.881101637491644496e-01
9.999242770008117676e-01 -7.087939905117016624e-03 -1.005988927897409797e-02 1.426900941131390255e+01 7.181737547061725450e-03 9.999307905084263703e-01 9.318628600747388274e-03 1.836767132038904515e-01 9.993143159631611219e-03 -9.390170450795511797e-03 9.999059764741363709e-01 2.002881157591885619e-01
9.999060137637242329e-01 -6.649067067431582712e-03 -1.198972669712695255e-02 1.457849051938458018e+01 6.754309674604190225e-03 9.999388302956392360e-01 8.758708112971750476e-03 1.907575464781786356e-01 1.193075605142231849e-02 -8.838867241987839740e-03 9.998897596664944043e-01 2.289174770169276618e-01
9.999044086832222789e-01 -6.342017372607181361e-03 -1.228626515671483489e-02 1.486188811665145515e+01 6.454178501355909564e-03 9.999376651819946726e-01 9.110945628956623396e-03 1.912112612456923211e-01 1.222771751915260365e-02 -9.189372450103287446e-03 9.998830123360658018e-01 2.345042114451446891e-01
9.999177990783720826e-01 -5.886253112722707181e-03 -1.139065891672659536e-02 1.512762933424490974e+01 5.995440418796913265e-03 9.999361811564712044e-01 9.575401213394570121e-03 1.974300216656438844e-01 1.133356874284958613e-02 -9.642906123455943085e-03 9.998892761606383850e-01 2.180305812838284896e-01
9.999353831078309218e-01 -6.065594896967285710e-03 -9.614476976997814520e-03 1.540358894158031511e+01 6.168248360872779015e-03 9.999239046640627793e-01 1.068351971650412062e-02 1.903480918432516045e-01 9.548943457468312204e-03 -1.074213386251663023e-02 9.998967067847187584e-01 2.210245080015841301e-01
9.999562194461056874e-01 -6.302129343355005082e-03 -6.916816955173100447e-03 1.569085816372160735e+01 6.380117487835865707e-03 9.999156673008391394e-01 1.131160409309407699e-02 2.118408977459606823e-01 6.844946449254167044e-03 -1.135523896961730672e-02 9.999120987647113212e-01 2.138916564000991061e-01
9.999544798843126303e-01 -5.677318874783262963e-03 -7.668520697489361257e-03 1.595909785038517192e+01 5.760457499007136904e-03 9.999243998185222138e-01 1.086332255667274600e-02 2.224110757197912402e-01 7.606266409739107642e-03 -1.090700224453136115e-02 9.999115870982503429e-01 2.254537696536499658e-01
9.999050175117768502e-01 -4.822896568804986746e-03 -1.291106593042541835e-02 1.626914281121552364e+01 4.980934203126939110e-03 9.999127261429564539e-01 1.223643705598677182e-02 1.917166201912423595e-01 1.285092406161140836e-02 -1.229958397863989243e-02 9.998417744746991298e-01 2.523415696728204538e-01
9.998179801549638146e-01 -3.692228041311990810e-03 -1.871828012771016223e-02 1.655982597608991114e+01 3.988097591419857875e-03 9.998673160324379472e-01 1.579384081501711626e-02 1.918694180203528166e-01 1.865748205009965313e-02 -1.586561635045228083e-02 9.997000453042754753e-01 2.725035226313298753e-01
9.997737963296021713e-01 -3.931715293831284513e-03 -2.090210007495455283e-02 1.683613222080510852e+01 4.287851205440769073e-03 9.998459404750946744e-01 1.702085918846117651e-02 2.182818345930287729e-01 2.083195873496205761e-02 -1.710663410264205708e-02 9.996366302636889856e-01 2.736429660651882312e-01
9.998077654363533018e-01 -4.235297179195290397e-03 -1.914404426890807184e-02 1.713552874604273768e+01 4.501517713285643242e-03 9.998934721858970809e-01 1.388454602454432078e-02 2.214301893381341035e-01 1.908319971710685861e-02 -1.396805418927827246e-02 9.997203233658513710e-01 2.602427112393480013e-01
9.998807796287532135e-01 -3.750008555701029884e-03 -1.497878382342088428e-02 1.741083237122027683e+01 3.882576336668025919e-03 9.999534674017886982e-01 8.831117263961291500e-03 2.062099749083509126e-01 1.494497005639528094e-02 -8.888220686507438198e-03 9.998488122726562066e-01 2.647260675555558884e-01
9.999146814448848231e-01 -3.670304872903186466e-03 -1.253629503140946816e-02 1.772834665459918568e+01 3.771466417808253500e-03 9.999604424482126941e-01 8.055406869549804755e-03 2.029155408227739377e-01 1.250623332718301534e-02 -8.101999809589525980e-03 9.998889696996619003e-01 3.007084071904069789e-01
9.999164898974024496e-01 -3.038853574313623348e-03 -1.256099519193493337e-02 1.806336113079484917e+01 3.194836021697569899e-03 9.999178065951357386e-01 1.241664514944563688e-02 2.203357578386306859e-01 1.252223039447824572e-02 -1.245573855404285418e-02 9.998440119953816430e-01 2.893007776946837639e-01
9.998814958977672029e-01 -1.346054812132347440e-03 -1.533565445900658686e-02 1.837664960845227569e+01 1.665661797131983606e-03 9.997812879787402185e-01 2.084710479536595190e-02 2.160201593285773491e-01 1.530423902129368630e-02 -2.087017834169440506e-02 9.996650518668565022e-01 2.637378475417507251e-01
9.998635825039289271e-01 7.737842419551177421e-04 -1.649901937558477527e-02 1.867463468719359909e+01 -3.059493607393714469e-04 9.995983228988848390e-01 2.833900585280655499e-02 2.141686870928079800e-01 1.651432037347232151e-02 -2.833009205215618331e-02 9.994621969373922443e-01 2.443758123007645222e-01
9.998978637948969794e-01 1.485334207568810494e-03 -1.421463192254591307e-02 1.898767270844371780e+01 -1.141123439208532571e-03 9.997066603405064811e-01 2.419279041631614696e-02 2.386970671033008806e-01 1.424639658643982523e-02 -2.417409880684563001e-02 9.996062490456824046e-01 2.554296564848772544e-01
9.999249900079516529e-01 2.317650893910253203e-03 -1.202675566941045077e-02 1.933572599112167367e+01 -2.185381532851230282e-03 9.999371162669952184e-01 1.099943722203331267e-02 2.444401014482692203e-01 1.205149223762817801e-02 -1.097232910459470731e-02 9.998671759433184203e-01 3.137155668000182196e-01
9.999331216962461522e-01 3.697397266885525668e-03 -1.095816536885228266e-02 1.965783276887503561e+01 -3.667211833664896746e-03 9.999894297903143547e-01 2.773421174091305914e-03 2.185285106664393018e-01 1.096830397861557095e-02 -2.733049778671675731e-03 9.999361113324890526e-01 3.696998452826629200e-01
9.998630473073659708e-01 5.057481165825841729e-03 -1.575780801651250826e-02 1.998399275382412554e+01 -5.030856689037044652e-03 9.999858507867007695e-01 1.728787833326649514e-03 2.025357619279753163e-01 1.576632836783251404e-02 -1.649275797313448947e-03 9.998743434947924280e-01 3.719729256425602371e-01
9.996622766289653406e-01 6.435231476919591083e-03 -2.517777751972026176e-02 2.030558630197123193e+01 -6.274349023324973275e-03 9.999594260624712350e-01 6.463650141098886519e-03 2.092788074357545824e-01 2.521835104299185656e-02 -6.303493051593695752e-03 9.996620932825356354e-01 3.422697431042501792e-01
9.993224182530706656e-01 8.681395164551044402e-03 -3.576783128499301523e-02 2.063836580520399266e+01 -8.229750496138436844e-03 9.998847832164473592e-01 1.275505777993253369e-02 1.803636118358930007e-01 3.587444192745198324e-02 -1.245205485833635571e-02 9.992787252544701460e-01 3.245191079850414106e-01
9.988626636233541856e-01 1.051232560637278303e-02 -4.650666865733957267e-02 2.098599791367637479e+01 -9.743563594109249867e-03 9.998126331270957845e-01 1.672607568890433979e-02 1.937578541950309707e-01 4.667378480202265256e-02 -1.625391183097186013e-02 9.987779373626779478e-01 3.395489541897034891e-01
9.982783976072961973e-01 1.104296841937036505e-02 -5.760463279197106101e-02 2.131726617156289194e+01 -1.023751125355821037e-02 9.998459262127341596e-01 1.425893401110382534e-02 2.203836509183271786e-01 5.775321838601124580e-02 -1.364465771972801257e-02 9.982376415872972197e-01 3.800772186736275926e-01
9.976344502077820753e-01 1.186313579030812658e-02 -6.771092797944155972e-02 2.163572799332304442e+01 -1.126117263887624169e-02 9.998936673896655636e-01 9.264982722184001568e-03 2.012717726368229987e-01 6.781363984784946619e-02 -8.480561494715630616e-03 9.976619619527049565e-01 4.124135857494084512e-01
9.969637976559627690e-01 1.298227959296574703e-02 -7.677660177404645181e-02 2.196235459797800971e+01 -1.258071057730977653e-02 9.999045463623096319e-01 5.711732255073975577e-03 1.839696447060088225e-01 7.684342447321314273e-02 -4.728486074183960684e-03 9.970319601370237761e-01 4.484796640629653552e-01
9.962952455591448375e-01 1.449552265166054697e-02 -8.476829300686923585e-02 2.231014761016376013e+01 -1.434100825087259064e-02 9.998942061443071294e-01 2.431460753178213245e-03 1.698961370121700454e-01 8.479457033673586108e-02 -1.206789998731214479e-03 9.963977240536568969e-01 4.513912110251837584e-01
9.955496120044495800e-01 1.587736706189029137e-02 -9.289176095312129400e-02 2.266873422176855613e+01 -1.607391301180660301e-02 9.998698704668791404e-01 -1.368010612201960800e-03 1.546297426219544746e-01 9.285795258500320615e-02 2.855056519269636318e-03 9.956752730152502728e-01 4.703036769955722396e-01
9.948515187047890507e-01 1.624655855869353710e-02 -1.000325200411026072e-01 2.302235505225402079e+01 -1.678069490713245127e-02 9.998490656306715518e-01 -4.500470631687930601e-03 1.421819886170982705e-01 9.994430453611846676e-02 6.155915242422394310e-03 9.949739899607022986e-01 5.312631421150071365e-01
9.947436621023970638e-01 1.733396081542881717e-02 -1.009186826586698643e-01 2.334488015794666183e+01 -1.772672904632185270e-02 9.998383792911628154e-01 -2.996393455342875357e-03 1.520849640717258366e-01 1.008504327429011332e-01 4.769601542069407639e-03 9.948901653532913336e-01 5.572355796502355130e-01
9.949618138991374039e-01 1.995732376448415210e-02 -9.824812522739495568e-02 2.367423853341286843e+01 -1.929762439303775792e-02 9.997844365624286578e-01 7.660424291921335942e-03 1.662302917381538458e-01 9.837982809155318420e-02 -5.725874230768662580e-03 9.951324654481783494e-01 5.739396373730824008e-01
9.951116400984905130e-01 2.166320361993595220e-02 -9.635107342117910090e-02 2.402133284359313592e+01 -2.011418271553220075e-02 9.996528217244557979e-01 1.701927354559193417e-02 1.824263099117726383e-01 9.668631440994343573e-02 -1.499805411560758799e-02 9.952018965911223480e-01 5.924912874736564250e-01
9.949529590210941521e-01 2.204555118613681433e-02 -9.789077080127756014e-02 2.437401759192924544e+01 -2.089304062809168097e-02 9.996999919624440789e-01 1.278307175924834130e-02 1.630899684602156730e-01 9.814321264601921779e-02 -1.067331922077681752e-02 9.951150637329985171e-01 5.913268559934770074e-01
9.945945858994287292e-01 2.146107011491225902e-02 -1.015924808687467262e-01 2.472340795187461637e+01 -2.181536811128136077e-02 9.997591894024923098e-01 -2.377586894455488084e-03 1.196300775551774193e-01 1.015169907636802316e-01 4.581012420220883889e-03 9.948232581275392450e-01 6.487390826219271434e-01
9.943558226218639495e-01 2.066150602954881441e-02 -1.040653649711911627e-01 2.506887188211473116e+01 -2.235646109007177404e-02 9.996353079096487182e-01 -1.514727130244816755e-02 9.750197883872180338e-02 1.037144477183599006e-01 1.738831069922495282e-02 9.944551070739708898e-01 7.473380834118504845e-01
9.944610548331299649e-01 2.018446316895257733e-02 -1.031493958623110330e-01 2.544752417715160675e+01 -2.180217326197086622e-02 9.996559888474514377e-01 -1.457975316934891769e-02 9.853274651273721818e-02 1.028196268288966153e-01 1.674787771645511875e-02 9.945590143027014385e-01 8.178215628619281974e-01
9.945314471346378138e-01 2.190105485020102383e-02 -1.021153487813244998e-01 2.578636693969077243e+01 -2.253641510876357168e-02 9.997331551222343737e-01 -5.072331159130236133e-03 1.079989027185918327e-01 1.019770104206264572e-01 7.345906737148012039e-03 9.947596327756170753e-01 8.191616828536915085e-01
9.939832613670763761e-01 2.473531830837247605e-02 -1.067025779925387247e-01 2.614372128191090283e+01 -2.413882502096683855e-02 9.996849530979015075e-01 6.878348366695716601e-03 1.175882356173067050e-01 1.068390998121823560e-01 -4.261288282899152249e-03 9.942671915403286098e-01 8.220211814732175659e-01
9.932055687991296899e-01 2.668507361533595593e-02 -1.132722602958963487e-01 2.651518759152168414e+01 -2.541501737897778820e-02 9.995970476143625216e-01 1.264196552265870778e-02 9.960426383732558231e-02 1.135639687489982674e-01 -9.677254093694928269e-03 9.934835558554467871e-01 8.133709813691260004e-01
9.929265486610916458e-01 2.571201529839634015e-02 -1.159127311095197316e-01 2.690961044166849447e+01 -2.488440460868476811e-02 9.996535009893622314e-01 8.581629622776747179e-03 8.787720270765431163e-02 1.160932184550159535e-01 -5.636508583004531080e-03 9.932223287863345407e-01 8.333261905336122322e-01
9.931922096724145055e-01 2.348976731790633141e-02 -1.140941079871224118e-01 2.731999564308273420e+01 -2.420679864310690613e-02 9.996949492742082111e-01 -4.902988383662778248e-03 6.593437927095924245e-02 1.139441334403777373e-01 7.631462965177381909e-03 9.934578477356412751e-01 9.334338619593761655e-01
9.935404876017147613e-01 2.260816859903069451e-02 -1.112032832642307484e-01 2.771150132130629729e+01 -2.453671683624463959e-02 9.995708101822837754e-01 -1.600452930987689842e-02 5.318731966729744326e-02 1.107937228503712984e-01 1.862971132708616390e-02 9.936688003720477447e-01 1.061661603632887863e+00
9.935528894366019159e-01 2.397339841921422923e-02 -1.108058304441288250e-01 2.808894998597699555e+01 -2.558770984505293403e-02 9.995858289771220040e-01 -1.316964741385563166e-02 5.853045111113640286e-02 1.104442166754999871e-01 1.592000867944203674e-02 9.937548129828512877e-01 1.141627761442883582e+00
9.933326892936306107e-01 2.545264524059974443e-02 -1.124381217867843202e-01 2.851210563795466513e+01 -2.562287058876141360e-02 9.996716779804927233e-01 -6.889453969348056060e-05 5.891878305190591941e-02 1.123994523272918572e-01 2.949422642177542200e-03 9.936587261341807142e-01 1.102465188647487659e+00
9.932884455867180273e-01 2.637531924201568651e-02 -1.126161906601500784e-01 2.898018868329613440e+01 -2.564273369921359763e-02 9.996395671643969472e-01 7.948960171515480344e-03 4.737397773826894365e-02 1.127852564493814214e-01 -5.007823305477250055e-03 9.936067671032582371e-01 1.051828115856079382e+00
9.938054034432888262e-01 2.558968971848003815e-02 -1.081479905825060567e-01 2.942243405537815448e+01 -2.532289562460763449e-02 9.996719497141771660e-01 3.839780181320029406e-03 2.672664368859307971e-02 1.082107713867114379e-01 -1.077374014698446970e-03 9.941273903384442168e-01 1.111064195246059150e+00
9.944328595618134869e-01 2.391853613218599892e-02 -1.026215935025751036e-01 2.983407555104662379e+01 -2.451612312888806419e-02 9.996890086274551335e-01 -4.565713108059773692e-03 1.598786696665986662e-03 1.024804738984146646e-01 7.056178763978565929e-03 9.947099892987941727e-01 1.285795233823242345e+00
9.948336610447983119e-01 2.368970044160752242e-02 -9.871567730198844981e-02 3.023009478352718915e+01 -2.463418206687877088e-02 9.996615792575810344e-01 -8.359666867464353793e-03 -1.864918470046196541e-03 9.848423186530565199e-02 1.074825796238689825e-02 9.950805650924324786e-01 1.397890767508961796e+00
9.946772947512813046e-01 2.466760125216932789e-02 -1.000429345568027567e-01 3.067655712319170291e+01 -2.530640594621032594e-02 9.996666245142182827e-01 -5.121098557385021094e-03 -3.905680915211238308e-03 9.988325747770922247e-02 7.625567573159025211e-03 9.949699420559542373e-01 1.392915706692027911e+00
9.944718443860839363e-01 2.541676392819947408e-02 -1.018810033065958992e-01 3.114904614845130126e+01 -2.529209075997225151e-02 9.996769390440083392e-01 2.515489731933037709e-03 -1.511226674263977526e-02 1.019120251409506156e-01 7.519986909775206764e-05 9.947934124614266072e-01 1.353428126239765161e+00
9.945412296105371475e-01 2.543820551750052700e-02 -1.011960488596778396e-01 3.162456442108974741e+01 -2.500006655642542097e-02 9.996717887253611101e-01 5.595667861061364053e-03 -2.810631758525240775e-02 1.013051789245505430e-01 -3.035214438292907664e-03 9.948507667968992108e-01 1.370997222912510471e+00
9.948288571906310773e-01 2.461373877824960671e-02 -9.853785447298424316e-02 3.209717288629701670e+01 -2.450216713773716026e-02 9.996970325033629479e-01 2.342436663906326440e-03 -3.945473767279215199e-02 9.856565683004056555e-02 8.406739029571627143e-05 9.951305463236150839e-01 1.475378741780376313e+00
9.949631263009174331e-01 2.432077853170098655e-02 -9.724647568481156745e-02 3.256123988413861525e+01 -2.457463682999292895e-02 9.996969988575461485e-01 -1.413400116466960628e-03 -3.762440739631786601e-02 9.718263490037018504e-02 3.796077821545030054e-03 9.952593256367880947e-01 1.581072337855946808e+00
9.948264995994237081e-01 2.538616187540243194e-02 -9.836553502113259961e-02 3.305633570925138542e+01 -2.527612594961669776e-02 9.996777105223679794e-01 2.364855542250787149e-03 -2.730086468242173131e-02 9.839386744984116029e-02 1.336786911399316657e-04 9.951475413114734270e-01 1.634429070274146856e+00
9.947466112171762243e-01 2.616423098256264249e-02 -9.896773458574888160e-02 3.357129274930033347e+01 -2.553591726124893393e-02 9.996449371181022059e-01 7.610297219698284113e-03 -3.887972431255005967e-02 9.913171239099412280e-02 -5.043085487735438077e-03 9.950615412562142659e-01 1.620052081682812117e+00
9.945890227880737067e-01 2.596426963208939981e-02 -1.005909163490262270e-01 3.405097607206734978e+01 -2.522210157994481811e-02 9.996445082917062575e-01 8.643068559469023471e-03 -8.193764507270120956e-02 1.007795680748611589e-01 -6.059186802277747967e-03 9.948903280834222596e-01 1.615973244119611296e+00
9.940972626553760128e-01 2.538702286389793103e-02 -1.054804790053411045e-01 3.449459767963148238e+01 -2.521881750970126831e-02 9.996776660954934668e-01 2.928336264753576834e-03 -8.837908296106809780e-02 1.055208208104005674e-01 -2.509581140544264038e-04 9.944170620999643884e-01 1.698337388943393922e+00
9.934516879407866430e-01 2.441476785938783214e-02 -1.116139007380985704e-01 3.497454422543401620e+01 -2.472202449363032281e-02 9.996934260082743773e-01 -1.369489238809627448e-03 -9.395734016603951577e-02 1.115462470571657594e-01 4.119842983789064397e-03 9.937507039802541131e-01 1.833295834942549662e+00
9.934023817261685707e-01 2.430219011005042840e-02 -1.120763647547089736e-01 3.548950798884457214e+01 -2.453716720871130380e-02 9.996986609156205406e-01 -7.174879002258616797e-04 -1.000287785371554161e-01 1.120251552382202642e-01 3.462790691074890334e-03 9.936993376643070697e-01 1.897252415340361154e+00
9.937573179443284221e-01 2.512628020636381576e-02 -1.086971162224938114e-01 3.603288877694653536e+01 -2.499531348322037161e-02 9.996842714802355312e-01 2.567422619318207588e-03 -1.259937403384178700e-01 1.087273072230273696e-01 1.655234785000066471e-04 9.940715996677540467e-01 1.904732904396660542e+00
9.938536832662977494e-01 2.583838851350439558e-02 -1.076440148686345910e-01 3.656540393342104522e+01 -2.546996543880018088e-02 9.996640818975696119e-01 4.796271930940919359e-03 -1.461782490434127280e-01 1.077317832329899860e-01 -2.025103186114575460e-03 9.941779326853547039e-01 1.928866783089047354e+00
9.939025015623473847e-01 2.548112112032474910e-02 -1.072778162275844910e-01 3.706120770179363433e+01 -2.468093575297107198e-02 9.996568198775792613e-01 8.780312215560645908e-03 -1.527635148975615420e-01 1.074647328125174356e-01 -6.079057385512112374e-03 9.941903118934714012e-01 1.995197757302793029e+00
9.943505844791065140e-01 2.444046979473146752e-02 -1.032936521876930691e-01 3.753998177391481761e+01 -2.374167119648003255e-02 9.996862019186114612e-01 7.989414392777977048e-03 -1.316334411717394737e-01 1.034565038789612423e-01 -5.491914944180787891e-03 9.946188167712233241e-01 2.027663339663771325e+00
9.947717726580317388e-01 2.369909755119196590e-02 -9.933515539856176135e-02 3.802469584541194791e+01 -2.342015408824560038e-02 9.997178142830871472e-01 3.973435230330245316e-03 -1.351990471683777451e-01 9.940129126565790119e-02 -1.626216561803355129e-03 9.950460987886008413e-01 2.116515668234948411e+00
9.947136215941319026e-01 2.336792093173893289e-02 -9.999375623714833183e-02 3.853002945519178724e+01 -2.345001175592204348e-02 9.997249478136673861e-01 3.544962722908649201e-04 -1.674642409259448073e-01 9.997453657673717464e-02 1.992232488427865458e-03 9.949880014582983545e-01 2.206769502092804203e+00
9.943301812626603731e-01 2.348908023002256942e-02 -1.037099500535630242e-01 3.906156100644746942e+01 -2.352774353572186297e-02 9.997228223992284946e-01 8.506810436106756676e-04 -2.016149664276161435e-01 1.037011856937145732e-01 1.594203270672642486e-03 9.946072202641852433e-01 2.263323215686324996e+00
9.942552236307219404e-01 2.407313925223826881e-02 -1.042930210971252658e-01 3.960686421205935659e+01 -2.385778996860498866e-02 9.997098760353098079e-01 3.312040953766581808e-03 -2.104103476206058976e-01 1.043424944154441869e-01 -8.048130266347991099e-04 9.945410982634931285e-01 2.275928555905283979e+00
9.944126509543748105e-01 2.405213331548272659e-02 -1.027860618219565980e-01 4.012699024350661148e+01 -2.368212275619076268e-02 9.997079254437721829e-01 4.818803447938791069e-03 -2.136797294585505713e-01 1.028719431315144872e-01 -2.357686977399906132e-03 9.946918138943654508e-01 2.304659937856436969e+00
