1.000000000000000000e+00 1.340647807916491148e-19 -4.035537943246326386e-21 1.734723475976807094e-18 -6.058368000060349672e-19 1.000000000000000000e+00 -6.966187348603874941e-19 0.000000000000000000e+00 -2.538576587129467840e-20 -1.678459064301256428e-19 9.999999999999998890e-01 0.000000000000000000e+00
9.989774157301551938e-01 -1.305164733626228493e-03 4.519313671929257870e-02 4.058118970606219150e-02 1.386547019101165654e-03 9.999974732248638754e-01 -1.769471546047071166e-03 -3.095450532920510783e-02 -4.519070701696242809e-02 1.830324628801836698e-03 9.989767012860456541e-01 9.334069856143323296e-01
9.958464654768411917e-01 -4.534628097234406040e-03 9.093544581901784329e-02 1.739942076018990980e-01 5.102616161027855902e-03 9.999688937321944415e-01 -6.014554428927790068e-03 -4.263808009417700134e-02 -9.090533120361478370e-02 6.453581884487812753e-03 9.958386270324957046e-01 2.016904696370271033e+00
9.906545574179597136e-01 -5.107858994442861233e-03 1.362991559609725289e-01 3.023945293840604731e-01 6.501809869677531266e-03 9.999309981419223226e-01 -9.783935745845847437e-03 -1.017481781579682443e-01 -1.362397578372969431e-01 1.057869246480770166e-02 9.906194109761096156e-01 2.981063023920753174e+00
9.832368179805777153e-01 -3.237277598263368743e-03 1.823043717752236559e-01 4.452509028552183445e-01 5.644298894166571365e-03 9.999035986671023224e-01 -1.268602489313810575e-02 -8.750327436287122507e-02 -1.822457047720580925e-01 1.350234803645265422e-02 9.831603051168421592e-01 3.999749846903703165e+00
9.736666898187279484e-01 -5.878818904357919345e-03 2.279004678182749155e-01 6.888426579714806985e-01 8.976466419982996950e-03 9.998808529874059214e-01 -1.255797916883878013e-02 -1.330780884314162194e-01 -2.277994575351315332e-01 1.427302783928984659e-02 9.736034517481566564e-01 4.924262473509304350e+00
9.619318477845050230e-01 -6.912435956500851374e-03 2.732020278684150760e-01 9.409645508111832424e-01 1.106482267431431465e-02 9.998454601004885811e-01 -1.366109683882255239e-02 -1.591010520755543334e-01 -2.730653391925728091e-01 1.616397715430188328e-02 9.618596762722777527e-01 5.903253972029835595e+00
9.479887141648283277e-01 -9.380547129966596009e-03 3.181657056336745226e-01 1.285004785281955941e+00 1.529134343569072893e-02 9.997536887988696108e-01 -1.608528747415456997e-02 -1.704580028248670054e-01 -3.179364064405716950e-01 2.011385336829195347e-02 9.478986556317497980e-01 6.902267099159757002e+00
9.327543249972501949e-01 -1.140713032228423719e-02 3.603321571142305557e-01 1.655309877313351219e+00 1.891726442552391085e-02 9.996709831311828554e-01 -1.732231192158182123e-02 -2.640319124228625025e-01 -3.600159556285884577e-01 2.297396154537317478e-02 9.326632253990551069e-01 7.758413088248435230e+00
9.152987383711375102e-01 -1.158162202485630947e-02 4.026091239818349599e-01 2.061481400354079341e+00 2.050901549392334516e-02 9.996299568178872441e-01 -1.786979576115588914e-02 -2.540560168548010034e-01 -4.022531260809582565e-01 2.461331984047862922e-02 9.151975666563912926e-01 8.643241347144615006e+00
8.952920446426144707e-01 -1.228919426541431881e-02 4.453101800506464869e-01 2.487647668272671808e+00 2.219371530090954309e-02 9.996085618521470817e-01 -1.703414069910744177e-02 -2.986475937087888499e-01 -4.449264731563561948e-01 2.513361955975940490e-02 8.952143368061956652e-01 9.566257025710676487e+00
8.734547458257101438e-01 -1.233892761582112974e-02 4.867489999450254623e-01 2.946090859754369351e+00 2.293979205563801207e-02 9.996115942620917849e-01 -1.582486755883725713e-02 -3.522747222306080728e-01 -4.863646167537478138e-01 2.498822799082288729e-02 8.733985442329318394e-01 1.042127931612394676e+01
8.490518479614361791e-01 -1.260229783456584714e-02 5.281592356922792941e-01 3.459040765040085397e+00 2.428916913815527129e-02 9.995894822121458301e-01 -1.519549870650691546e-02 -3.687285490196793858e-01 -5.277508479926394935e-01 2.573031674209972156e-02 8.490093972927538202e-01 1.127378607252475362e+01
8.234841625492475004e-01 -1.294893951272462276e-02 5.671915032706742466e-01 4.032549152312950191e+00 2.574202869418983769e-02 9.995626694687221869e-01 -1.455395549361041506e-02 -4.038740572073706292e-01 -5.667549188543508087e-01 2.658561329051129310e-02 8.234573606913379029e-01 1.204546972527679038e+01
7.959380333858844248e-01 -1.433902157039985102e-02 6.052083011756745901e-01 4.603577711323759480e+00 2.893961630062391599e-02 9.994777273552156727e-01 -1.437953251093293354e-02 -4.608093428012158821e-01 -6.046859479600553700e-01 2.895971446481227299e-02 7.959373035045120837e-01 1.282611992044142113e+01
7.665082283276203334e-01 -1.406107727584291790e-02 6.420805841172620987e-01 5.233784112015102075e+00 3.055772393625784053e-02 9.994264736426224927e-01 -1.459277551837853334e-02 -4.538595995349452572e-01 -6.415070578502891641e-01 3.080600545180579158e-02 7.664982912314194374e-01 1.361987816794986550e+01
7.360115979715482482e-01 -1.688426266305503506e-02 6.767583837280162218e-01 5.896971756036645473e+00 3.515768183978581346e-02 9.992932099138882585e-01 -1.330480301686020640e-02 -5.090001455654064033e-01 -6.760553252100240940e-01 3.358574713975640003e-02 7.360850049200226008e-01 1.431384222701670694e+01
7.039059264196481092e-01 -1.638670685529361806e-02 7.101042102422883140e-01 6.569289774594607501e+00 3.588668495832161159e-02 9.992775162405366229e-01 -1.251363767398756301e-02 -5.370356904091504457e-01 -7.093860190902250284e-01 3.429171167018842808e-02 7.039854315729712209e-01 1.497031095415151114e+01
6.689607532421272262e-01 -1.539070284107596671e-02 7.431384192306976777e-01 7.290660893306299961e+00 3.753564386355694865e-02 9.992094866194327629e-01 -1.309492317508595752e-02 -5.397768034806681436e-01 -7.423493187961233142e-01 3.665417071653637171e-02 6.690096319782127265e-01 1.564112760734902352e+01
6.336699910011811543e-01 -1.630890776585104326e-02 7.734316010184326684e-01 8.029818285947852630e+00 4.174927024961293948e-02 9.990417255000061392e-01 -1.313882804346660008e-02 -5.857224925791995052e-01 -7.724760577662319605e-01 4.061588824066256209e-02 6.337436474787929708e-01 1.621445442074440635e+01
5.965875678579011243e-01 -1.512789414377756908e-02 8.024054500383626110e-01 8.807586545146508072e+00 4.304028294845658326e-02 9.989865771415434859e-01 -1.316633480047771539e-02 -6.133415848858632113e-01 -8.013929876813558062e-01 4.239063161111818190e-02 5.966340825450174856e-01 1.683019042591095626e+01
5.590714903721444307e-01 -1.437814651280833016e-02 8.289948304705113680e-01 9.563211239376913753e+00 4.561070155929328879e-02 9.988689389590404977e-01 -1.343526247518361284e-02 -6.568747079668555422e-01 -8.278639015810175250e-01 4.532231054813507659e-02 5.590949451059921138e-01 1.733269326793109499e+01
5.200022013719011182e-01 -1.277922667923461417e-02 8.540693759918651651e-01 1.037342514570725527e+01 4.991096681812747654e-02 9.986342237237609831e-01 -1.544610310301862063e-02 -6.893006159334981175e-01 -8.527054047554182281e-01 5.065943880494344631e-02 5.199298196732466959e-01 1.781094082982282956e+01
4.806322796977475220e-01 -1.170329877576170748e-02 8.768441976205356703e-01 1.125547250696051904e+01 5.253456087224972482e-02 9.984992856058408917e-01 -1.546919543248763580e-02 -6.934191726769775022e-01 -8.753471469693363538e-01 5.349962261872241026e-02 4.805258170307588061e-01 1.828310661629970468e+01
4.420164854874775173e-01 -1.312347782557234284e-02 8.969109811415212352e-01 1.210647931537189415e+01 5.691979766999013396e-02 9.982882262232443127e-01 -1.344445532096163499e-02 -7.192510108850610484e-01 -8.951991144465735184e-01 5.699466577172730003e-02 4.420068404457630495e-01 1.868874161989426241e+01
4.046097760181766034e-01 -1.408372578736266818e-02 9.143810416399419383e-01 1.299575041533761954e+01 6.142185393979588542e-02 9.980420628375010761e-01 -1.180660521937723466e-02 -7.576118358187913238e-01 -9.124243377335309324e-01 6.094005025529890263e-02 4.046826255637914760e-01 1.907429082823308519e+01
3.686350315069506500e-01 -1.211781485301916504e-02 9.294952863646210872e-01 1.392090369115903137e+01 6.302780332682424158e-02 9.979397870877972920e-01 -1.198651638886082983e-02 -7.900685268152457530e-01 -9.274349534812675877e-01 6.300269964733724859e-02 3.686393256466091728e-01 1.946565043178134857e+01
3.356633776653036305e-01 -1.239656827244288266e-02 9.419004939000290566e-01 1.482632097809575278e+01 6.401834361111607974e-02 9.979017681968136433e-01 -9.680491421541845970e-03 -8.117302428734467501e-01 -9.398040374918736894e-01 6.354829961338308297e-02 3.357526874163545005e-01 1.976398484466753303e+01
3.016994380693217015e-01 -1.376287242934977340e-02 9.533038097991813897e-01 1.578349967153931033e+01 6.611669846184382859e-02 9.977905990622896182e-01 -6.519337813331224467e-03 -8.170660522226950162e-01 -9.511077271754125873e-01 6.499618486330227540e-02 3.019428203085254281e-01 2.004981438232093183e+01
2.688538076548505074e-01 -1.362519197112798015e-02 9.630846838038095159e-01 1.674707616105116159e+01 6.731090417911388124e-02 9.977210950032200376e-01 -4.675242788233376599e-03 -8.461261901556427212e-01 -9.608260754448627594e-01 6.608306151468074097e-02 2.691582409492186967e-01 2.031162172640053143e+01
2.365940107246447544e-01 -1.140059857315133506e-02 9.715417781023862887e-01 1.768537098386902784e+01 6.530064667308416171e-02 9.978568255527308084e-01 -4.192902109340122113e-03 -8.831176950788738322e-01 -9.694116630637176213e-01 6.443432555515067606e-02 2.368314165459615150e-01 2.059936132828202915e+01
2.050252722699659191e-01 -9.321629241880029573e-03 9.787123545926957879e-01 1.870141257489941822e+01 6.497866162200370554e-02 9.978781980596789225e-01 -4.107866341134885912e-03 -8.798449794651660438e-01 -9.765972979175877589e-01 6.443763894211317067e-02 2.051959578531672157e-01 2.079750676402972687e+01
1.740815026456378478e-01 -9.016448150166918654e-03 9.846900343722828630e-01 1.966486296487079954e+01 6.668502594200896583e-02 9.977705490663605348e-01 -2.652901030238001816e-03 -8.959812394360348042e-01 -9.824706648290676414e-01 6.612590520011020490e-02 1.742946601768650960e-01 2.093992213814111025e+01
1.434452072524480815e-01 -9.376242674362083446e-03 9.896139093772302608e-01 2.068605883514565136e+01 6.812743271208154816e-02 9.976765375289028404e-01 -4.224862748561200891e-04 -9.095892259449321893e-01 -9.873104849334941591e-01 6.748046244488420387e-02 1.437506986665010034e-01 2.109592824134749733e+01
1.124030291067478621e-01 -9.594358028029664406e-03 9.936164448606830124e-01 2.174410873024552160e+01 6.749041913216648203e-02 9.977179190955374199e-01 1.999095050251917423e-03 -9.240100662607914073e-01 -9.913679789047170621e-01 6.683488968544319675e-02 1.127940451762371454e-01 2.122113121673831415e+01
8.309751045677225834e-02 -9.586761268947594297e-03 9.964953741659690056e-01 2.279256077234024502e+01 6.794126794251563461e-02 9.976815715290501263e-01 3.932565569285155320e-03 -9.261410584458312778e-01 -9.942226382295681342e-01 6.737637652836903079e-02 8.355619317308983496e-02 2.133549447011785460e+01
5.538674400083010152e-02 -9.296861085928857793e-03 9.984217598245981318e-01 2.386894538609212191e+01 7.031703118623974791e-02 9.975101443763997322e-01 5.387583546340597371e-03 -9.261389553167598265e-01 -9.959857879137519188e-01 6.990765720778135961e-02 5.590256831404873117e-02 2.138602407679189454e+01
3.042489353406311117e-02 -8.976481094608430161e-03 9.994968146501963524e-01 2.493987599904285446e+01 7.420462774125127781e-02 9.972205469458118587e-01 6.697232465297974641e-03 -9.322496656651978464e-01 -9.967787441574343932e-01 7.396353067794650404e-02 3.100642705137823807e-02 2.142224144532655217e+01
7.257410430612531473e-03 -8.568872167722549338e-03 9.999370172331186746e-01 2.603190959998075016e+01 7.851876061368064097e-02 9.968807538885211539e-01 7.972802287324800424e-03 -9.260065799220118521e-01 -9.968861518906917407e-01 7.845595793478468694e-02 7.907591649948596951e-03 2.141237173017005091e+01
-1.368466985287685594e-02 -8.756514735635252331e-03 9.998680849419060435e-01 2.717542030249713747e+01 8.405315909227463467e-02 9.964123228053161085e-01 9.876641253490482317e-03 -9.408385679685296044e-01 -9.963672324272678793e-01 8.417723478654483282e-02 -1.289955929931382340e-02 2.139041670615762669e+01
-3.099440365725479249e-02 -8.954655576349170379e-03 9.994795120631339014e-01 2.828483825654072348e+01 8.871637116593686367e-02 9.959885087245714530e-01 1.167452115493838871e-02 -9.397131149300463893e-01 -9.955745165998602930e-01 8.903204556426254357e-02 -3.007564367808386249e-02 2.136229347045084381e+01
-4.677140054374347850e-02 -9.168502117495428566e-03 9.988636085418226562e-01 2.939092281767114656e+01 9.163822588632446198e-02 9.957017917830232046e-01 1.343040415765571829e-02 -9.357083365893994475e-01 -9.946932881426021611e-01 9.216225342124678699e-02 -4.573018040580865279e-02 2.130415743033775300e+01
-6.157315603550592847e-02 -9.447094376535547164e-03 9.980579304234956650e-01 3.052672810337353226e+01 9.398857428689139093e-02 9.954569152469237014e-01 1.522090860939628865e-02 -9.397119881572124633e-01 -9.936673288365714951e-01 9.474324713443488255e-02 -6.040550338646594186e-02 2.124991049370135343e+01
-7.443748921891552017e-02 -1.023728334364065740e-02 9.971732004179532094e-01 3.166201851588621707e+01 9.445591243698067685e-02 9.953792397033093264e-01 1.726985876401290754e-02 -9.326820990248724241e-01 -9.927421654652823779e-01 9.547443529367266590e-02 -7.312655783672833421e-02 2.117202588100348493e+01
-8.723007184392182756e-02 -1.023097647630694801e-02 9.961357210906270909e-01 3.280357422732408423e+01 9.479882802750796977e-02 9.953240883348928314e-01 1.852402813861054112e-02 -9.318241509164654213e-01 -9.916672644357144017e-01 9.604835712142986703e-02 -8.585230550792888327e-02 2.105568025192487980e+01
-9.843468672764206506e-02 -7.776856207916390228e-03 9.951131924772590454e-01 3.396854086806347794e+01 9.465656770288195798e-02 9.953623875486146133e-01 1.714205019486509177e-02 -9.261506680836382177e-01 -9.906314216307002818e-01 9.588137749477616822e-02 -9.724205263710963831e-02 2.096860724958661848e+01
-1.084913859306058520e-01 -4.222950855043625801e-03 9.940884862478395201e-01 3.516814453877866242e+01 9.527256058996795562e-02 9.953437684845841682e-01 1.462600273380376160e-02 -9.192359622972066102e-01 -9.895214123745476043e-01 9.629615675080138715e-02 -1.075838919323091614e-01 2.082582546107644106e+01
-1.183678914276976996e-01 -1.809262262077656735e-03 9.929682276854127077e-01 3.637894414087633521e+01 9.570640386579559733e-02 9.953217832218612671e-01 1.322234113453943198e-02 -9.127836553074123449e-01 -9.883466972775387660e-01 9.659852478811713217e-02 -1.176409811406283895e-01 2.067059602845134947e+01
-1.261009240742819448e-01 -7.179430836285686634e-04 9.920172244519035454e-01 3.756113041838615629e+01 9.592262697745275457e-02 9.953050220752155397e-01 1.291359202837113682e-02 -9.032449281743375469e-01 -9.873688643694525924e-01 9.678531999704610700e-02 -1.254400143872430040e-01 2.053524086620625866e+01
-1.316337580219377745e-01 2.615453710177801012e-04 9.912984501480861521e-01 3.883766124734636804e+01 9.575646330676859663e-02 9.953268936378121268e-01 1.245282042217136891e-02 -8.874281439088158585e-01 -9.866626178342524645e-01 9.656245112824353438e-02 -1.310436624848460574e-01 2.036607630095462795e+01
-1.370800648611000261e-01 1.433201279306852002e-03 9.905590005088517058e-01 4.011050900334095104e+01 9.650306211300331560e-02 9.952613709501297867e-01 1.191472483397080888e-02 -8.880479290371972034e-01 -9.858479005217632984e-01 9.722525396667781872e-02 -1.365687999509839490e-01 2.019553756301829495e+01
-1.417885523771554857e-01 3.114240878434684258e-03 9.898921352806886453e-01 4.137128380796531246e+01 9.551878165465026160e-02 9.953717155118435578e-01 1.055028530104339286e-02 -8.691112400742708743e-01 -9.852776446798550136e-01 9.604920627313218162e-02 -1.414297814701830636e-01 2.003576890694831647e+01
-1.456346141745564482e-01 4.012749214450615602e-03 9.893303737527334718e-01 4.266520715880764669e+01 9.553440997123355261e-02 9.953756356640787173e-01 1.002589880286460129e-02 -8.837127321302420402e-01 -9.847149862574052781e-01 9.597521727987366746e-02 -1.453445006438046083e-01 1.986132851921982478e+01
-1.484782475651264533e-01 3.364695345815016825e-03 9.889100162035479036e-01 4.403171784192213067e+01 9.595640560694759791e-02 9.953245252995546188e-01 1.102069655776439366e-02 -8.722640125023135571e-01 -9.842491792368236458e-01 9.652859023083373846e-02 -1.481069037041000958e-01 1.962125647964427344e+01
-1.507088723230521343e-01 1.614964678158580707e-03 9.885769362699864393e-01 4.536098495886907500e+01 9.670638608561211991e-02 9.952265143650043111e-01 1.311709408830273593e-02 -8.769570120774260458e-01 -9.838366629587006473e-01 9.757857131084993196e-02 -1.501456414429400144e-01 1.944118962338541579e+01
-1.520488289318569497e-01 1.090984957290646196e-03 9.883724472847705833e-01 4.678800262794911902e+01 9.765578457356452469e-02 9.951228309670200334e-01 1.392469572976630203e-02 -8.630140604883423938e-01 -9.835366643352307925e-01 9.863752653319166064e-02 -1.514138004433092100e-01 1.923006061294335112e+01
-1.553688803626661064e-01 9.758334397862946817e-04 9.878561078473876433e-01 4.816677706637555900e+01 9.846033657855916832e-02 9.950352902425220192e-01 1.450280605636289528e-02 -8.646058088909149841e-01 -9.829374049240050537e-01 9.951793574203396386e-02 -1.546935982152860822e-01 1.902325424862610603e+01
-1.565415280461525671e-01 1.578587948678992787e-03 9.876701823272758807e-01 4.953831627984812513e+01 9.903867649389172523e-02 9.949835842967095223e-01 1.410693466542782895e-02 -8.276376517290422452e-01 -9.826932173680883453e-01 1.000258749529583796e-01 -1.559125902872955383e-01 1.882975821123428162e+01
-1.574933567115879285e-01 2.116625685970416771e-03 9.875178446241839048e-01 5.098593319168617199e+01 1.002463499932355201e-01 9.948661705990088366e-01 1.385532129521776200e-02 -8.352622495928930801e-01 -9.824186382776218807e-01 1.011771868041130978e-01 -1.568969950441953531e-01 1.856125836960713116e+01
-1.570125618886043517e-01 2.927821070146738834e-03 9.875923320165879149e-01 5.241249883264148224e+01 1.003670905244509193e-01 9.948654431986360125e-01 1.300750097620138185e-02 -8.088575242766655737e-01 -9.824832677743452480e-01 1.011641163089609108e-01 -1.565002272109446424e-01 1.835037677471742157e+01
-1.564089347655906459e-01 4.013150593412301986e-03 9.876842971110207925e-01 5.388672809514167028e+01 9.999000634335455939e-02 9.949185645760638685e-01 1.179179893380942132e-02 -8.184817373895780790e-01 -9.826179891716176895e-01 1.006029080669588738e-01 -1.560154261738165848e-01 1.810397156174995814e+01
-1.551141196268809586e-01 3.745589295902245104e-03 9.878895239431262354e-01 5.537406983760808288e+01 9.972584892762917375e-02 9.949439540450645270e-01 1.188618544740473008e-02 -8.078745012878352227e-01 -9.828500566120416115e-01 1.003618428178500721e-01 -1.547033859387146604e-01 1.789408717516344893e+01
-1.533147620801808830e-01 3.427490242794717541e-03 9.881715272022604246e-01 5.693898415673463376e+01 1.002772480199019683e-01 9.948858660432969847e-01 1.210723311086494072e-02 -7.954767754726759232e-01 -9.830762564556735361e-01 1.009473451371562108e-01 -1.528743874944218650e-01 1.764751361300853461e+01
-1.533035351859412809e-01 3.755293814025095420e-03 9.881720776278622997e-01 5.844840266113379101e+01 1.004169248280897958e-01 9.948754957071815896e-01 1.179776506219679631e-02 -8.057346001461640483e-01 -9.830637497406463643e-01 1.010378465892173561e-01 -1.528950239739174655e-01 1.743741724171863794e+01
-1.516649487791065232e-01 4.556453645309160513e-03 9.884215260929444247e-01 6.001746261749698164e+01 1.002676986717497970e-01 9.949018897368916425e-01 1.079890819873263567e-02 -7.877213914490622804e-01 -9.833331076465900988e-01 1.007445738371982730e-01 -1.513486076227045785e-01 1.717126761564922433e+01
-1.512988198861034972e-01 5.108778442995801083e-03 9.884749357983086959e-01 6.156341646892266795e+01 1.010458154777634093e-01 9.948281965568572804e-01 1.032475155206276363e-02 -7.839089615409504663e-01 -9.833098590616771162e-01 1.014433849899586543e-01 -1.510325511655596642e-01 1.695356354462900228e+01
-1.501215220807323170e-01 5.090511648984437192e-03 9.886545132464774621e-01 6.319100109708859492e+01 1.004697838252950892e-01 9.948885061920246242e-01 1.013315320529402028e-02 -7.778300183388878741e-01 -9.835492970651630307e-01 1.008511158562699211e-01 -1.498656178083906665e-01 1.669679075221119646e+01
-1.489345524379966090e-01 3.507624333610072712e-03 9.888409007352672031e-01 6.484434463662088888e+01 1.017771402630835015e-01 9.947372297299655886e-01 1.180065519401344264e-02 -7.810998826424259134e-01 -9.835953341454561905e-01 1.023989307285219086e-01 -1.485077384302563586e-01 1.645367419230026229e+01
-1.482091346604799964e-01 2.095662310101908867e-03 9.889538876675366685e-01 6.643938999360179309e+01 1.042605299039574551e-01 9.944581506157759154e-01 1.351763386667743927e-02 -7.594306930205571016e-01 -9.834447939683655937e-01 1.051122997958123806e-01 -1.476062751740396251e-01 1.621365855754893204e+01
-1.477982457169883246e-01 3.045996381836202881e-03 9.890129078109998195e-01 6.814687866562422869e+01 1.059454119837877628e-01 9.942899416676526103e-01 1.277025262839739245e-02 -7.586569333563445428e-01 -9.833265564787597723e-01 1.066688076388770251e-01 -1.472770168041311056e-01 1.597290622597740573e+01
-1.470139216977361940e-01 3.884965842662579678e-03 9.891268600371229125e-01 6.976259908172100666e+01 1.064404558843757009e-01 9.942476833626034960e-01 1.191516813321282127e-02 -7.768078308890810080e-01 -9.833906673200347726e-01 1.070348162637911327e-01 -1.465817669540957768e-01 1.572820731445075104e+01
-1.458457599800040416e-01 4.433733173469791948e-03 9.892974718105934651e-01 7.147265459812042820e+01 1.062141354832557005e-01 9.942801724439909172e-01 1.120240468734335845e-02 -7.530647413026003711e-01 -9.835890605679801224e-01 1.067112056631954325e-01 -1.454824708671328126e-01 1.547254970528356210e+01
-1.458810944827764189e-01 3.725794412161316949e-03 9.892951815056687526e-01 7.315343770846001803e+01 1.066764154046685870e-01 9.942215412562226406e-01 1.198611865754320785e-02 -7.761511931583702228e-01 -9.835337904784481333e-01 1.072830186287261761e-01 -1.454355793374958739e-01 1.521073054167783667e+01
-1.456341772502826315e-01 3.273212988139086350e-03 9.893331612371242256e-01 7.485913717304816828e+01 1.073987262856669067e-01 9.941371884328614739e-01 1.252045832773470736e-02 -7.498545270763484760e-01 -9.834917733929837702e-01 1.080765348816314919e-01 -1.451318887651247558e-01 1.498588966944713441e+01
-1.457793391613527167e-01 3.212089326018196384e-03 9.893119822282199216e-01 7.660583661309208026e+01 1.082334248082867656e-01 9.940441108724257235e-01 1.272120538168448022e-02 -7.627718273139925120e-01 -9.833787563008253851e-01 1.089311198695103039e-01 -1.452587473562287901e-01 1.471403457382415603e+01
-1.454478776914082672e-01 3.063662693142811359e-03 9.893612385183493396e-01 7.829930009362340115e+01 1.093321962145979570e-01 9.939203133119530742e-01 1.299535606321430663e-02 -7.464336541740060893e-01 -9.833062869884816593e-01 1.100591910239935856e-01 -1.448985554829457234e-01 1.447185052523934878e+01
-1.454364521149789924e-01 3.865608645381839962e-03 9.893601098209121592e-01 8.005737118918709427e+01 1.090591604683393001e-01 9.939610249427902611e-01 1.214817054927025235e-02 -7.423888837919896400e-01 -9.833382969268981144e-01 1.096655767785243846e-01 -1.449797433879795872e-01 1.423032078975939640e+01
-1.466435487311089358e-01 4.800747625657061923e-03 9.891778170953113847e-01 8.187344998063007040e+01 1.088784262476589493e-01 9.939906507585701823e-01 1.131689647210710158e-02 -7.326865294251538874e-01 -9.831790407928985287e-01 1.093596808144665367e-01 -1.462850126249921889e-01 1.396685874153566687e+01
-1.475228372805271193e-01 5.413685408672121863e-03 9.890438998623253264e-01 8.363429473816755433e+01 1.085140327018972312e-01 9.940368481989492189e-01 1.074461676017502559e-02 -7.268791671577894409e-01 -9.830877812130424109e-01 1.089102253567661854e-01 -1.472305953891496766e-01 1.371041562779616463e+01
-1.484542725182367573e-01 5.833914518551839429e-03 9.889021315286491420e-01 8.544457853971188399e+01 1.077250513341261734e-01 9.941272942664693968e-01 1.030697845033259376e-02 -7.358799927461681101e-01 -9.830343385252738875e-01 1.080596547143029690e-01 -1.482109013483779159e-01 1.342850872283792896e+01
-1.492412916850053006e-01 5.288073552932862596e-03 9.887867335437365846e-01 8.724252075214438662e+01 1.066271168941914371e-01 9.942406776363078569e-01 1.077639180589347496e-02 -7.321230846119568536e-01 -9.830348738891804272e-01 1.070397680123144069e-01 -1.489456133611913868e-01 1.317726595580725579e+01
-1.501541594055178785e-01 4.751468418495489142e-03 9.886512444852811887e-01 8.905726391240922624e+01 1.064414073241618103e-01 9.942537628805602212e-01 1.138769323152314522e-02 -7.464460029026397381e-01 -9.829159800025463189e-01 1.069433460699854427e-01 -1.497970893354256539e-01 1.291003100481095878e+01
-1.503983098684511244e-01 4.192458471988263179e-03 9.886166612651543506e-01 9.090065354557202681e+01 1.045195984160269265e-01 9.944541972656821827e-01 1.168336099885501460e-02 -7.171683729379401129e-01 -9.830848745145170930e-01 1.050869807671538925e-01 -1.500024229372380058e-01 1.262983950356580998e+01
-1.526261139845244419e-01 4.740109591070635307e-03 9.882727011587664201e-01 9.276666438257092295e+01 1.042704376508991199e-01 9.944844036577588087e-01 1.133333847548832936e-02 -7.285445278570527039e-01 -9.827679348775851809e-01 1.047773970478573236e-01 -1.522785416015806914e-01 1.236050053520146896e+01
-1.544913327814700088e-01 5.583980945067087628e-03 9.879784301010698933e-01 9.463204029216940683e+01 1.040664541129557724e-01 9.945133001605497292e-01 1.065207906404638978e-02 -7.122599262197404357e-01 -9.824980763177959542e-01 1.044610723948760506e-01 -1.542247886590789874e-01 1.206748298274950315e+01
-1.589847289353061854e-01 6.027897434581028224e-03 9.872627063400029046e-01 9.651186652858896764e+01 1.042034754516280443e-01 9.944983474910382704e-01 1.070842620247533170e-02 -7.227309564591423152e-01 -9.817664491149713513e-01 1.045786879703854283e-01 -1.587381764174940202e-01 1.179511291087453806e+01
-1.634002477307597012e-01 5.908024536072574787e-03 9.865422368125091879e-01 9.841618838652226486e+01 1.026095134713524010e-01 9.946604632915200250e-01 1.103849757081941906e-02 -7.151177231758698571e-01 -9.812092110997430172e-01 1.030323185941033615e-01 -1.631339839885869170e-01 1.151393615836918549e+01
-1.686136065564554920e-01 5.277179213872736259e-03 9.856681660504142961e-01 1.003265677538935421e+02 1.006369982006177360e-01 9.948521702793318155e-01 1.188914990623275714e-02 -7.056435182476398227e-01 -9.805312415760085720e-01 1.011993641607995265e-01 -1.682766902557831512e-01 1.118799605372159789e+01
-1.735945034777819085e-01 5.723419226104000529e-03 9.848006504447502918e-01 1.022799116047847718e+02 9.950887131451997825e-02 9.949671979330634297e-01 1.175829985860821908e-02 -7.076038415923453506e-01 -9.797769146974572019e-01 1.000375835851236711e-01 -1.732903660508370025e-01 1.085033222057724700e+01
-1.778937273385045037e-01 7.361249154989382704e-03 9.840222374898438540e-01 1.041583678048683481e+02 9.965394834013045766e-02 9.949659842655632636e-01 1.057254828998291547e-02 -7.120617941419986607e-01 -9.789906956878812183e-01 9.994249739680574618e-02 -1.777317834209085901e-01 1.052647965819078024e+01
-1.823805863507873826e-01 8.864523109021478497e-03 9.831881161999659335e-01 1.061105641591934301e+02 9.957828171197544154e-02 9.949843709369939893e-01 9.500813018468530838e-03 -7.229992041352042431e-01 -9.781724580299275829e-01 9.963695318594914530e-02 -1.823485453231710463e-01 1.019812532121044413e+01
-1.876664391857441605e-01 9.764925706078090781e-03 9.821843429123625624e-01 1.080611448890023922e+02 9.821866314199462211e-02 9.951252987996254129e-01 8.873105468991001471e-03 -7.122569879063035403e-01 -9.773097115133992929e-01 9.813402322677050593e-02 -1.877107176826665891e-01 9.793040170710721526e+00
-1.927029784847117122e-01 9.113354921694209396e-03 9.812148787226269153e-01 1.099375818846393145e+02 9.672188475505384686e-02 9.952636744215095366e-01 9.751592084169244390e-03 -7.268547942825664965e-01 -9.764785249981229320e-01 9.678411914307614994e-02 -1.926717336715166873e-01 9.460196733562556304e+00
-1.990770289846277297e-01 8.648123718136070323e-03 9.799457513258007513e-01 1.119039140117953366e+02 9.544640881779725694e-02 9.953780687730670040e-01 1.060572779024514592e-02 -7.175151034080299306e-01 -9.753246590887638678e-01 9.564366536370753902e-02 -1.989823393719781786e-01 9.093394911377751910e+00
-2.040357054011178450e-01 8.301941184084137004e-03 9.789283106984989491e-01 1.138691515766883242e+02 9.527512915477105715e-02 9.953855094107595392e-01 1.141646350522128317e-02 -7.209171204171124225e-01 -9.743161458255527041e-01 9.559689319617450942e-02 -2.038851514519434138e-01 8.687116814574372015e+00
-2.091769699503122915e-01 8.137189368223324629e-03 9.778440110297876853e-01 1.158467902596000556e+02 9.497577088962688707e-02 9.954068489273583120e-01 1.203354824989087343e-02 -7.156521055195098624e-01 -9.732545760558432013e-01 9.538863567336169913e-02 -2.089890227367645348e-01 8.248349625823163223e+00
-2.154549582209803749e-01 9.727119172475632083e-03 9.764653973912247320e-01 1.178949034107624954e+02 9.518829671819599436e-02 9.953975368589825790e-01 1.108738047189779426e-02 -7.316709006460340170e-01 -9.718632728618148420e-01 9.533691482555849139e-02 -2.153892410017533565e-01 7.855408029814524795e+00
-2.207265632616979834e-01 1.044425545208679980e-02 9.752798724839006894e-01 1.197890777246064147e+02 9.437961446509193775e-02 9.954787824143975783e-01 1.069955095390833985e-02 -7.357979857068250862e-01 -9.707585410199416343e-01 9.440821913856645153e-02 -2.207143336260872779e-01 7.411904738380028057e+00
-2.265189560697616344e-01 1.027442560850239453e-02 9.739526303950730712e-01 1.218031756879568519e+02 9.480160829003567158e-02 9.954292060188172364e-01 1.154768844019760793e-02 -7.514649276684839396e-01 -9.693821177825318047e-01 9.494805179736925949e-02 -2.264576150439905622e-01 6.940849963116735744e+00
-2.329803990029048477e-01 1.057045818056706436e-02 9.724240465149511792e-01 1.238023543632091332e+02 9.471843791825627912e-02 9.954332992908989652e-01 1.187275967621921266e-02 -7.292489795523542373e-01 -9.678576467011184015e-01 9.487261266281264704e-02 -2.329176629226355766e-01 6.482813924396765515e+00
-2.369076237953824660e-01 1.129106217818952318e-02 9.714666317528996009e-01 1.258051867578849823e+02 9.422386772293489532e-02 9.954856723466750656e-01 1.140776771951210883e-02 -7.345598284319214688e-01 -9.669521776582381545e-01 9.423793619234263619e-02 -2.369020310948877772e-01 6.007246089850639237e+00
-2.435953613520686900e-01 1.148535370894590742e-02 9.698090085496804402e-01 1.278270357185775481e+02 9.339752696491361583e-02 9.955605111027537868e-01 1.166914659271032183e-02 -7.347340547775998987e-01 -9.653693985597213700e-01 9.342031857728856636e-02 -2.435866244740429731e-01 5.525205763351038968e+00
-2.475397164122044580e-01 1.136833741652239042e-02 9.688111146836729803e-01 1.298312246482090870e+02 9.470653793795101583e-02 9.954265302134515103e-01 1.251770188712346930e-02 -7.372037497682147889e-01 -9.642378516268367283e-01 9.485138064661657875e-02 -2.474842552695410980e-01 4.999509411011020532e+00
-2.511204268959757457e-01 1.097905502882091065e-02 9.678936499132181348e-01 1.318733435868566346e+02 9.654731728327253792e-02 9.952332762251012710e-01 1.376007223615097717e-02 -7.230912543289561567e-01 -9.631287665628157635e-01 9.690297637786569884e-02 -2.509834018893550289e-01 4.491832542497352421e+00
-2.550418766780365720e-01 1.141480935180833912e-02 9.668626939772478890e-01 1.339004102617250567e+02 9.687934569086267822e-02 9.952003776137542390e-01 1.380575716616196276e-02 -7.316724121888766863e-01 -9.620643991160182651e-01 9.719007725213144044e-02 -2.549236296331959251e-01 3.983671958899920984e+00
-2.579951470031096594e-01 1.187611146685132318e-02 9.660732827476262718e-01 1.359040127689106896e+02 9.707707394822272240e-02 9.951826948603630374e-01 1.369100840734010539e-02 -7.313209780426378481e-01 -9.612566881789854634e-01 9.731578711389773928e-02 -2.579052022022622070e-01 3.468032012575892331e+00
-2.608647710609447445e-01 1.156376362642558275e-02 9.653061565808924716e-01 1.379480731801682225e+02 9.630979207117616736e-02 9.952514709338767807e-01 1.410431610425395485e-02 -7.243615833621750433e-01 -9.605591445180245991e-01 9.664776023819958428e-02 -2.607397491816086932e-01 2.898079404336837417e+00
-2.656333311369305505e-01 1.199958832418065655e-02 9.639995167444553870e-01 1.400209330775524847e+02 9.530174527504203796e-02 9.953517843026797873e-01 1.387087058097430381e-02 -7.175150161216232725e-01 -9.593520657404953633e-01 9.555540767676401481e-02 -2.655421902280721280e-01 2.337806967609876274e+00
-2.697758380260287803e-01 1.238372677544971427e-02 9.628435829627886022e-01 1.420192358670670671e+02 9.436521776773164338e-02 9.954442427086216405e-01 1.363684671781639941e-02 -7.252442789912389998e-01 -9.582880978666360461e-01 9.453784177615427720e-02 -2.697153962621602341e-01 1.823021188482663479e+00
-2.740798039770561134e-01 1.242413636474170094e-02 9.616267603929737895e-01 1.441486501682855135e+02 9.358630773986947871e-02 9.955153631011018911e-01 1.381170221144260683e-02 -7.121253613894741319e-01 -9.571424867833276950e-01 9.378061214076387209e-02 -2.740133830302329265e-01 1.211387466534366464e+00
-2.782411294059861095e-01 1.289255682509381738e-02 9.604247914339850700e-01 1.462123986465829830e+02 9.379094930615597403e-02 9.954961485563729173e-01 1.380848704361506245e-02 -7.207638656452123316e-01 -9.559210260251786995e-01 9.392124754204309034e-02 -2.781971762451165286e-01 6.294224779329623543e-01
-2.831652851185160191e-01 1.369492269997390349e-02 9.589734063834093325e-01 1.482647160948511385e+02 9.350617792911133930e-02 9.955286067446925680e-01 1.339351074237538942e-02 -7.065500327670777292e-01 -9.545019081365543334e-01 9.346252079994715745e-02 -2.831797000613916482e-01 3.469958227344303869e-02
-2.879779427258583602e-01 1.363195933762484553e-02 9.575400762267989307e-01 1.503865556543837556e+02 9.277344350631275272e-02 9.955926056829585979e-01 1.372770940130118959e-02 -7.157271871441247546e-01 -9.531325562123428297e-01 9.278757316497784902e-02 -2.879733926005377809e-01 -5.608532603678186845e-01
-2.916149127728675516e-01 1.295802506505364625e-02 9.564480933888925840e-01 1.524548399901523794e+02 9.217016518570191053e-02 9.956360352791463475e-01 1.461315304344956711e-02 -6.950618032002131574e-01 -9.520847024410460380e-01 9.241739756223789348e-02 -2.915366573085030333e-01 -1.214414843466095073e+00
-2.960453249837703971e-01 1.327322072533144298e-02 9.550817294542029989e-01 1.545756073693418671e+02 9.364069730335806974e-02 9.954901582492664547e-01 1.519088276564797661e-02 -7.009700457835640330e-01 -9.505727026506179955e-01 9.393171452717513636e-02 -2.959531194789011832e-01 -1.812749371242453611e+00
-3.004067204721173612e-01 1.375837121715750566e-02 9.537120277871473650e-01 1.566720285629876912e+02 9.454325141300685964e-02 9.954013223176625402e-01 1.542009685608708609e-02 -6.966892386729235387e-01 -9.491139309437099936e-01 9.479934238728202067e-02 -3.003260063593473084e-01 -2.483468818446059601e+00
-3.037051124904948107e-01 1.459746250321625888e-02 9.526543134344045427e-01 1.587792849547204241e+02 9.419354396617449221e-02 9.954442496292652542e-01 1.477566972194212062e-02 -6.871860741450459553e-01 -9.480984438351692800e-01 9.422133798565174301e-02 -3.036964929586065121e-01 -3.143271164051594013e+00
-3.070802289358653403e-01 1.640710683248083196e-02 9.515422543149449908e-01 1.609007220636990780e+02 9.436615897220362870e-02 9.954488508414827130e-01 1.328953173739299762e-02 -6.860597981665580436e-01 -9.469934738935210650e-01 9.387434565191210556e-02 -3.072309350834407926e-01 -3.819517490463101073e+00
-3.105037651398221410e-01 1.731186407194109517e-02 9.504145584037431149e-01 1.630105244969560658e+02 9.478280198074653939e-02 9.954152393890117745e-01 1.283432426132602791e-02 -6.806109018177649572e-01 -9.458348223262524890e-01 9.406806647323916193e-02 -3.107210451147234265e-01 -4.506252812343324088e+00
-3.134974087524765030e-01 1.789824459219639327e-02 9.494204279092490761e-01 1.651379156955902374e+02 9.383208809192376820e-02 9.955130863999116508e-01 1.221606837274017039e-02 -6.975442697221767574e-01 -9.449416876501837148e-01 9.291581248996141906e-02 -3.137702010534657027e-01 -5.210721371246322065e+00
-3.172910674305280954e-01 1.802085534035101008e-02 9.481570272753522266e-01 1.672775417285443496e+02 9.400625359915246171e-02 9.954926560799121082e-01 1.253771287127934675e-02 -6.796153342271948894e-01 -9.436572906761994117e-01 9.311079975351772842e-02 -3.175549989908295623e-01 -5.887652097215823055e+00
-3.210760695941115017e-01 1.840822300451047319e-02 9.468745511484029098e-01 1.693739119698567492e+02 9.460006506661490511e-02 9.954340170194291293e-01 1.272571002298665890e-02 -6.890773599012015582e-01 -9.423167540578807344e-01 9.366032064389905043e-02 -3.213514592473609155e-01 -6.580815630354803325e+00
-3.252968853648894321e-01 1.854029788306125331e-02 9.454302269968125616e-01 1.715256036335654244e+02 9.525674534428422990e-02 9.953644740159713900e-01 1.325573660782102502e-02 -6.820637380668961303e-01 -9.408017692139630794e-01 9.437066179942976696e-02 -3.255550500649658785e-01 -7.305609879121819361e+00
-3.288652393916712824e-01 1.909283635877249627e-02 9.441839005228870318e-01 1.736580235756685227e+02 9.701774542784788458e-02 9.951888012112675153e-01 1.366766861114209093e-02 -6.872159633585661620e-01 -9.393801636207465000e-01 9.609742014125362275e-02 -3.291353457190654419e-01 -8.038400859812702137e+00
-3.312306195417987764e-01 1.911477636834860855e-02 9.433562539587648788e-01 1.757690477136036407e+02 9.836415636939836726e-02 9.950466513972701099e-01 1.437540884631160337e-02 -6.661859772176441652e-01 -9.384085730779255785e-01 9.755402350623001984e-02 -3.314701260991126386e-01 -8.780819536307175710e+00
-3.338958138442368329e-01 1.843139575929730878e-02 9.424298322905566572e-01 1.779350753752027003e+02 9.783410614055029764e-02 9.950866421129416217e-01 1.520067366217667248e-02 -6.663680389277136795e-01 -9.375190419548964371e-01 9.727722737219664240e-02 -3.340584817775271165e-01 -9.554634380773332936e+00
-3.366388877569556071e-01 1.888168180925939993e-02 9.414445606323270654e-01 1.801332658569470198e+02 9.697296155419676822e-02 9.951782172716651109e-01 1.471593510954696815e-02 -6.546336369480149076e-01 -9.366271323713993846e-01 9.624862895175242961e-02 -3.368466992231353152e-01 -1.031257681590993691e+01
-3.397881019897406318e-01 2.059604805662097748e-02 9.402765378754831538e-01 1.823161607598563023e+02 9.641985077239030588e-02 9.952552896124459147e-01 1.304296933707296477e-02 -6.566780775244065449e-01 -9.355464390064687219e-01 9.509317490704632947e-02 -3.401617721707305142e-01 -1.108220580299708757e+01
-3.426811323597140357e-01 2.174768689370301655e-02 9.392000843868294480e-01 1.844544404838776757e+02 9.523056806143703756e-02 9.953865096982417171e-01 1.169758259317357947e-02 -6.703317782379754064e-01 -9.346125732785048879e-01 9.344910391744226663e-02 -3.431712192957165897e-01 -1.185777850818947421e+01
-3.460902546346652509e-01 2.325306794915514910e-02 9.379130818191481200e-01 1.866514200958140179e+02 9.511077400762056600e-02 9.954121852569052242e-01 1.041730941871022408e-02 -6.554002036616833893e-01 -9.333677508541291523e-01 9.281097388859607666e-02 -3.467140723939005076e-01 -1.263326752213945525e+01
-3.487551664877100999e-01 2.367831743304586734e-02 9.369147717153857302e-01 1.888346598496139848e+02 9.323743973153435227e-02 9.955981463322500780e-01 9.545111347152220385e-03 -6.694544296590674293e-01 -9.325644728256551330e-01 9.068444673813162715e-02 -3.494277014174239637e-01 -1.343350639344965636e+01
