1.000000000000000000e+00 0.000000000000000000e+00 0.000000000000000000e+00 0.000000000000000000e+00 0.000000000000000000e+00 1.000000000000000000e+00 0.000000000000000000e+00 0.000000000000000000e+00 0.000000000000000000e+00 0.000000000000000000e+00 1.000000000000000000e+00 0.000000000000000000e+00
9.999999666496565132e-01 -2.116106394337276622e-04 1.480595259794941171e-04 6.549036122457640649e-03 2.116215867117960346e-04 9.999999748755807882e-01 -7.392659768281408536e-05 3.579409068419709111e-03 -1.480438786049776908e-04 7.395792780915224403e-05 9.999999863066173500e-01 9.805993332992126322e-04
9.999999427814374453e-01 -3.273713267951672821e-04 8.523576911714370442e-05 1.568142715263331696e-02 3.273745610238853478e-04 9.999999456934787201e-01 -3.793331423689074431e-05 7.524173791014884122e-03 -8.522334620887413051e-05 3.796121608889928127e-05 9.999999956479636021e-01 1.760010511672009670e-03
9.999999005324361478e-01 -3.301663979833407373e-04 -2.998754199429804661e-04 1.423729041140580319e-02 3.301816619060282806e-04 9.999999441970298664e-01 5.085279944101812519e-05 7.145444562265523131e-03 2.998586133234226086e-04 -5.095180774733559196e-05 9.999999537443615694e-01 2.342504845502998805e-03
9.999999217424908604e-01 -5.363839692171807873e-05 -3.919667517806355137e-04 1.071074066554325750e-02 5.368596114266287325e-05 9.999999911974443156e-01 1.213380766458255466e-04 1.692538930274173174e-03 3.919602399504095390e-04 -1.213591102620152179e-04 9.999999158195648219e-01 2.533895460443943374e-03
9.999999944064100754e-01 8.913671078480139994e-05 -5.693704163319731064e-05 3.287495682751821746e-03 -8.913167190875692907e-05 9.999999921120464874e-01 8.849549185779220577e-05 -4.216477896663540885e-03 5.694492938114405385e-05 -8.849041646907041317e-05 9.999999944633606308e-01 -8.593604337295227685e-04
9.999999926057856481e-01 -3.878671386372060904e-05 1.152563209414690616e-04 8.325416279558222471e-03 3.879253525736198324e-05 9.999999979721198029e-01 -5.050643130299666813e-05 1.530407786789287489e-03 -1.152543617292438262e-04 5.051090201443503720e-05 9.999999920825404232e-01 5.518838081295289813e-04
9.999999820853777699e-01 -1.594236668334254815e-04 1.020457671531759756e-04 6.924104237804434500e-03 1.594268896688946270e-04 9.999999867930461361e-01 -3.157490004260777813e-05 1.780082322174885399e-03 -1.020407320191175552e-04 3.159116831621647692e-05 9.999999942948435416e-01 1.579640225841424332e-03
9.999999934115497702e-01 -1.046876326090664857e-04 -4.708927754957318435e-05 8.765635928721829395e-03 1.046883006093167067e-04 9.999999944195928636e-01 1.418358384178679722e-05 2.169045749248695726e-03 4.708779244098153894e-05 -1.418851344478254562e-05 9.999999987907129961e-01 1.794458635852107589e-03
9.999999927990079751e-01 -2.589365576022418884e-05 -1.171814941150160083e-04 5.357255987376096686e-03 2.590109560517352583e-05 9.999999976491490417e-01 6.348885857847376489e-05 6.266090044767301179e-03 1.171798498808911511e-04 -6.349189325037322398e-05 9.999999911188310886e-01 1.789457264086349083e-03
9.999999953275559017e-01 -7.298012227697911946e-05 -6.339392575587010951e-05 -3.186126995780441673e-04 7.298188164521295616e-05 9.999999969517613385e-01 2.775107662040910976e-05 2.901628834372904815e-03 6.339190028566522113e-05 -2.775570309873029665e-05 9.999999976055439221e-01 2.440189818092929931e-03
9.999999913790472705e-01 -1.179857683476790358e-04 5.763040690490773996e-05 -1.160827766836834175e-03 1.179873647905998205e-04 9.999999926558794661e-01 -2.769878515042892346e-05 2.113202985816714074e-03 -5.762713841921481326e-05 2.770558457148152590e-05 9.999999979557567809e-01 2.128125968789385328e-03
9.999999997399120488e-01 -1.939952551044883168e-05 1.199309737674521388e-05 8.433486412780048444e-03 1.939998518843118278e-05 9.999999990772404646e-01 -3.832961772130057555e-05 1.513691357404856096e-03 -1.199235378928167882e-05 3.832985037724297931e-05 9.999999991935030197e-01 -2.638504662424456283e-04
9.999999986648095973e-01 4.908759317135520732e-05 1.614895995519710159e-05 1.097156468816171127e-02 -4.908719431372046156e-05 9.999999984902249173e-01 -2.469812702357300867e-05 1.427705420422083898e-03 -1.615017230242723546e-05 2.469733428346102374e-05 9.999999995646068340e-01 -2.341123958008513740e-03
9.999999975653084405e-01 6.803446619052199687e-05 -1.551433191815509491e-05 1.073795558390054986e-02 -6.803399758621380788e-05 9.999999972295728901e-01 3.020313526439990262e-05 4.215037325601699719e-03 1.551638672935876402e-05 -3.020207968884431574e-05 9.999999994235380107e-01 -1.954344798881717509e-03
9.999999983482071864e-01 1.697634412266178447e-05 5.491256041942495615e-05 5.992875256890789828e-03 -1.697751962963970176e-05 9.999999996267630031e-01 2.140649173510882015e-05 3.717829121717398932e-03 -5.491219699495939941e-05 -2.140742397882216381e-05 9.999999982631864182e-01 -1.340586938316183814e-03
9.999999896923573717e-01 -1.402334261908027798e-04 3.081998103458294006e-05 5.587683169519142186e-03 1.402340161306939886e-04 9.999999899840377182e-01 -1.914014746249214090e-05 9.484494374359078023e-03 -3.081729663743471519e-05 1.914446927491989596e-05 9.999999993418917654e-01 -3.763998686375786130e-04
9.999999818077465186e-01 -1.905674313800545007e-04 8.280144637125103974e-06 7.089893025074602007e-03 1.905678189534562583e-04 9.999999807453342493e-01 -4.683201476030960752e-05 8.269698133061068046e-03 -8.271219820934461154e-06 4.683359183743384172e-05 9.999999988691008479e-01 -9.930968058069348028e-04
9.999999924755101910e-01 -1.223084436984255030e-04 -9.467008193505306528e-06 5.527546185424775729e-03 1.223080314398655851e-04 9.999999915727156852e-01 -4.353520447248665395e-05 5.878096850750421688e-03 9.472332836829259683e-06 4.353404625377067739e-05 9.999999990075308931e-01 -9.420851416557503386e-04
9.999999986061083312e-01 -1.292955676592739141e-05 -5.119189231953435499e-05 7.957463172034856536e-03 1.293032999137698869e-05 9.999999998023356707e-01 1.510414924704336170e-05 8.149267243611774819e-04 5.119169701946044469e-05 -1.510481115405039021e-05 9.999999985756273801e-01 -5.186374838384675157e-04
9.999999982691597511e-01 -3.396387391821069926e-05 4.804306104384164014e-05 2.893682839805452461e-03 3.396245212282786909e-05 9.999999989853529669e-01 2.959469430476288811e-05 3.320831508961180276e-04 -4.804406614556090097e-05 -2.959306259337866755e-05 9.999999984080091275e-01 1.226792500412448661e-04
9.999999926092231206e-01 -8.356926300236234618e-05 8.830476726881181303e-05 -2.475379205084431850e-03 8.356661588562421710e-05 9.999999960589006642e-01 2.998031802197330265e-05 2.915767531143228890e-03 -8.830727235387562436e-05 -2.997293846982823675e-05 9.999999956517242605e-01 4.064895516805040721e-04
9.999999914862256478e-01 -1.303906460022168925e-04 -5.082140639572879451e-06 6.783963760326050876e-03 1.303907770140741798e-04 9.999999911666360708e-01 2.578707220805039673e-05 6.241904673148571114e-03 5.078778201676767882e-06 -2.578773465277197179e-05 9.999999996545994030e-01 -8.527923769031247074e-04
9.999999888860968689e-01 -1.449688378670938602e-04 -3.481152474672783689e-05 6.493212042870795397e-03 1.449670955881741995e-04 9.999999882399585038e-01 -5.004622012510736608e-05 8.413882373746281451e-03 3.481877947971403526e-05 5.004117304326299116e-05 9.999999981417667660e-01 -8.601848592276024278e-04
9.999999981755430811e-01 -4.071432441468817766e-05 4.462350939533886066e-05 4.645546101683888270e-03 4.071583642327456019e-05 9.999999985970715599e-01 -3.388329250345909025e-05 6.663802558100256034e-03 -4.462212979737204276e-05 3.388510932514965975e-05 9.999999984303324929e-01 -1.455170333783150846e-03
9.999999992448511676e-01 -2.852386466480543126e-05 2.639482717915296454e-05 1.305251841127367304e-03 2.852395501437161840e-05 9.999999995873347647e-01 -3.422632644916116424e-06 4.571614340561313411e-03 -2.639472954155037851e-05 3.423385527194589546e-06 9.999999996457993312e-01 -3.270217524927671385e-04
9.999999995278884279e-01 -3.068421349916021122e-05 1.643838826943577826e-06 5.771702985903869043e-03 3.068417388524506283e-05 9.999999992390038450e-01 2.409302559741105659e-05 1.913974213442466970e-03 -1.644578101233894351e-06 -2.409297514620005798e-05 9.999999997084119130e-01 8.811337298145834225e-05
9.999999955854421696e-01 -9.238089683582933478e-05 -1.717223417997709749e-05 7.043850638106238793e-03 9.238115466923329459e-05 9.999999956201455209e-01 1.501436529342294724e-05 7.067261655437652099e-03 1.717084706423398146e-05 -1.501595161796295876e-05 9.999999997398415497e-01 -1.938358852412743957e-03
9.999999883217171037e-01 -1.504680151987177557e-04 -2.675709405591727161e-05 6.209353456504663853e-03 1.504678090274266702e-04 9.999999886500191559e-01 -7.707140662862982351e-06 5.401983536026864346e-03 2.675825343038316207e-05 7.703114491538280267e-06 9.999999996123289936e-01 -1.284601980234437255e-03
9.999999901186137352e-01 -1.378541462827444610e-04 2.755007818758438968e-05 3.369206817377092683e-03 1.378546903077632339e-04 9.999999903030929449e-01 -1.974584531099918139e-05 7.565410525996764217e-03 -2.754735587378586299e-05 1.974964302337936200e-05 9.999999994255474034e-01 -1.030633971348012207e-03
9.999999960087889717e-01 -8.186774814956859010e-05 3.577839843885917854e-05 1.798332068763554455e-03 8.186829511436222433e-05 9.999999965319544826e-01 -1.528637348048578464e-05 9.854066505089317460e-03 -3.577714685380384323e-05 1.528930253595675153e-05 9.999999992431164442e-01 -3.029635021562314574e-03
9.999999970347857037e-01 -5.002805830739493262e-05 5.854589689799381076e-05 1.120836987904490038e-03 5.002968797767526110e-05 9.999999983611316257e-01 -2.783463927146193970e-05 4.664305646915332601e-03 -5.854450428908835290e-05 2.783756822188044491e-05 9.999999978988054483e-01 -2.718366870916727462e-03
9.999999974335583852e-01 -6.193469993061080528e-05 3.601355546081805005e-05 3.969870828403529277e-03 6.193535760830723360e-05 9.999999979152714991e-01 -1.826112005791288105e-05 3.268793895678851272e-03 -3.601242438874838675e-05 1.826335052348299567e-05 9.999999991847776659e-01 -4.958783190200802618e-05
9.999999969331656580e-01 -3.739943808391649297e-05 -6.881097812012492050e-05 9.725881228690745617e-03 3.740167213365599329e-05 9.999999987735540552e-01 3.246547228638210325e-05 6.477530637635538560e-03 6.880976384531132758e-05 -3.246804583245872008e-05 9.999999971055212322e-01 1.760804752452418227e-03
9.999999984865226565e-01 -3.341780389056134564e-05 -4.370589259200644049e-05 1.366666479250502365e-02 3.341808023694844412e-05 9.999999994216312027e-01 6.322148365506121669e-06 8.697106713460366761e-03 4.370568129441407539e-05 -6.323608922963160183e-06 9.999999990249126558e-01 -3.704293948281270343e-04
9.999999939102773849e-01 -1.078693852636986630e-04 2.331610997770760659e-05 5.420530611170178495e-03 1.078698706631292195e-04 9.999999939653521075e-01 -2.081794463989424828e-05 9.320550309856982449e-03 -2.331386421811233107e-05 2.082045961888640115e-05 9.999999995114861040e-01 -2.490416992348712388e-03
9.999999842494025071e-01 -1.191009105668925793e-04 1.315909110482419797e-04 2.242494050429420880e-03 1.191100346477499364e-04 9.999999905030025893e-01 -6.933104901781442914e-05 7.288287865010975239e-03 -1.315826524074548436e-04 6.934672172378325875e-05 9.999999889385188245e-01 -2.785061670753641132e-03
9.999999835525474889e-01 -8.232161523899915088e-05 1.616108179664548969e-04 5.839892837644259684e-03 8.233610157783896014e-05 9.999999925933835687e-01 -8.963257860824691179e-05 3.673491729691498280e-03 -1.616034380708165105e-04 8.964588353874349696e-05 9.999999829239720750e-01 -1.408673113369905520e-03
9.999999908124092007e-01 -1.288635606377473025e-04 4.206381164242502929e-05 4.016263881673889230e-03 1.288644843828389518e-04 9.999999914558823644e-01 -2.195859402327458198e-05 4.928369748772080949e-03 -4.206098162041444302e-05 2.196401435292648260e-05 9.999999988742279688e-01 -1.609990683021549421e-03
9.999999971911461838e-01 -6.139355471143719781e-05 -4.299464106723549885e-05 6.271609040166084906e-03 6.139357822245254377e-05 9.999999981152655204e-01 5.455163650243895459e-07 5.650353325657317405e-03 4.299460749501321261e-05 -5.481559583516213841e-07 9.999999990755816803e-01 -8.337823116915752536e-04
9.999999981631750856e-01 -5.646507838485225443e-05 -2.203053895928065145e-05 3.508025983281323236e-03 5.646545630444500986e-05 9.999999982586944558e-01 1.715410590950108092e-05 3.647387359387899413e-03 2.202957031298394719e-05 -1.715534984242696396e-05 9.999999996101960331e-01 -1.084046855184228305e-03
9.999999978889916319e-01 -6.368310273506858727e-05 1.290267812644236867e-05 2.094226762466794810e-03 6.368319444756588435e-05 9.999999979469654798e-01 -7.107734088411982988e-06 4.966425350162251631e-03 -1.290222545739255850e-05 7.108555757167518052e-06 9.999999998915004573e-01 -4.372262808404178474e-04
9.999999950513674962e-01 -7.178400640743482018e-05 6.887903403010595181e-05 4.493475612098870101e-03 7.178576755067642352e-05 9.999999970965786078e-01 -2.556650865149643676e-05 4.962227659701145752e-03 -6.887719856370024311e-05 2.557145305930318439e-05 9.999999973010161858e-01 -2.272031377665128214e-03
9.999999941695363326e-01 -8.614632269755776036e-05 6.511327374723280639e-05 4.732348634355384998e-03 8.614727114960789398e-05 9.999999961832757300e-01 -1.456352159507639991e-05 3.712147866970235896e-03 -6.511201890488244330e-05 1.456913084101325643e-05 9.999999977740826607e-01 -3.186486180967682338e-03
9.999999975229945104e-01 -7.004809620626218573e-05 -6.875701120930274176e-06 4.609384339532496960e-03 7.004814113481262197e-05 9.999999975252799045e-01 6.534372194458495756e-06 -9.275229671788349194e-04 6.875243383582713117e-06 -6.534853808355338836e-06 9.999999999550133190e-01 -8.565812267917276811e-04
9.999999961095669132e-01 -6.800329621887986180e-05 -5.618200582538572480e-05 2.241929935864405646e-03 6.800433984282794580e-05 9.999999975152068510e-01 1.857406727540786558e-05 -1.178274978914663727e-03 5.618074258798613888e-05 -1.857788782336390401e-05 9.999999982492930872e-01 1.778328963117337645e-03
9.999999988273332585e-01 -4.187087010869748550e-05 -2.433441276721200615e-05 7.473200186799710404e-03 4.187135469077903234e-05 9.999999989251254773e-01 1.991328046283962909e-05 2.384252625963066002e-03 2.433357895467586616e-05 -1.991429935431615595e-05 9.999999995056487734e-01 -5.417501576686903006e-04
9.999999978410152313e-01 -4.688097730298569540e-05 4.604501589480315059e-05 7.330087254769587259e-03 4.688285890241858492e-05 9.999999980660607690e-01 -4.086411616787714380e-05 7.429627184503248896e-03 -4.604310005605231009e-05 4.086627480163549910e-05 9.999999981049902953e-01 -1.499930677758646528e-03
9.999999971904833806e-01 -6.491909639230679483e-05 3.747724706422246783e-05 4.090943926999486384e-03 6.492013666489705910e-05 9.999999975074652658e-01 -2.775689493349360029e-05 1.922139163791747318e-03 -3.747544501827139527e-05 2.775932788351138085e-05 9.999999989125053501e-01 -1.451468455813060719e-03
9.999999957230765180e-01 -8.677781069539740907e-05 -3.199153792092407117e-05 4.177672482196442827e-03 8.677780814947590052e-05 9.999999962348027349e-01 -8.096916097052615551e-08 3.543490091976168269e-03 3.199154482679614491e-05 7.819300508411861275e-08 9.999999994882674548e-01 1.053373085393096266e-03
9.999999904878910106e-01 -1.239960112944785327e-04 -6.040866736353200543e-05 5.737980627816314724e-03 1.239969260493516189e-04 9.999999921977824613e-01 1.513926535027761921e-05 5.614155532945985967e-03 6.040678968369308117e-05 -1.514675569533109193e-05 9.999999980607977568e-01 1.806122705771362859e-03
9.999999948450715159e-01 -9.680279602206278572e-05 -3.064433905543584730e-05 2.183413122915684942e-03 9.680399518673735431e-05 9.999999945488121655e-01 3.913262233999564930e-05 4.182169931042183791e-03 3.064055074112960632e-05 -3.913558863272020036e-05 9.999999987647811839e-01 -6.585688064263579833e-04
9.999999975697148047e-01 -3.602789952850226875e-05 5.968719128561944418e-05 6.735276124181811645e-03 3.602822785777520434e-05 9.999999993358597017e-01 -5.499766944633799813e-06 1.052560169692143277e-03 -5.968699310092785893e-05 5.501917354995626090e-06 9.999999982035958634e-01 -3.290885442671249387e-03
9.999999987480534536e-01 -3.729582179957312917e-05 3.336037696036687816e-05 8.116550663362363457e-03 3.729679546384618362e-05 9.999999988785601701e-01 -2.918610319150932112e-05 3.490048717208631395e-03 -3.335928840325156757e-05 2.918734739012596673e-05 9.999999990176282605e-01 -2.264631722718288883e-03
9.999999961910768231e-01 -8.139690490006501347e-05 -3.150222445973298378e-05 6.717813295799573634e-03 8.139658451635161209e-05 9.999999966355699321e-01 -1.017134180355728463e-05 6.545194465134105549e-03 3.150305226948744411e-05 1.016877759133973525e-05 9.999999994520768487e-01 7.509896692105080557e-04
9.999999946912944138e-01 -9.558027767514012713e-05 -3.849443603257166985e-05 7.065128006604302555e-03 9.558002249119396890e-05 9.999999954102452016e-01 -6.630897569398857949e-06 1.215906483729360839e-02 3.849506963892256826e-05 6.627218235135595599e-06 9.999999992371048085e-01 9.443034585346907553e-04
9.999999957541589879e-01 -8.376013918646965271e-05 -3.841771832529347500e-05 9.743867150157785317e-03 8.375929134158930387e-05 9.999999962486438854e-01 -2.207018875265101163e-05 8.168096736232855620e-03 3.841956678325673404e-05 2.206697081808260989e-05 9.999999990184927912e-01 1.642906185730259698e-03
9.999999994855950369e-01 -2.905731112470196303e-05 -1.358244005215384807e-05 8.524257459179720650e-03 2.905720961723795513e-05 9.999999995499121441e-01 -7.473571203177333701e-06 1.841452875334850109e-03 1.358265720792422039e-05 7.473176531525182843e-06 9.999999998798315692e-01 2.713752156870662124e-05
9.999999998851812899e-01 1.498785628820658111e-05 -2.236440189487588459e-06 5.901183330948295627e-03 -1.498786564428848629e-05 9.999999998789310673e-01 -4.183512541449297103e-06 3.520055946152634771e-03 2.236377487332074246e-06 4.183546060434032869e-06 9.999999999887483337e-01 -1.250475373609127600e-03
9.999999999274202800e-01 -5.714140487458984356e-06 -1.060698384308794932e-05 4.027116894437300122e-03 5.714120907189470032e-06 9.999999999819705332e-01 -1.846008395027498553e-06 1.232386547634250692e-03 1.060699439124802218e-05 1.845947785305375913e-06 9.999999999420420282e-01 1.059524132033079404e-03
9.999999944397400808e-01 -1.017205978139786943e-04 -2.781078521540575761e-05 1.815088905055543822e-03 1.017212637771424056e-04 9.999999945396902401e-01 2.394585366312344476e-05 1.304128822283174161e-03 2.780834927700047871e-05 -2.394868247819702167e-05 9.999999993265781262e-01 1.044264322339096430e-03
9.999999957880851831e-01 -8.473375585355802353e-05 -3.527067238518110179e-05 7.602232762054554442e-03 8.473462436675739803e-05 9.999999961068641863e-01 2.462346549225234677e-05 7.717980435323866517e-05 3.526858580915430002e-05 -2.462645403571612639e-05 9.999999990748322798e-01 1.637472973563950870e-03
9.999999990397619998e-01 -5.380786277070642009e-07 -4.381993164863545764e-05 2.140184457982023322e-02 5.382192545001563903e-07 9.999999999947056795e-01 3.209185268704430338e-06 -2.717122535960967214e-04 4.381992992160945117e-05 -3.209208850353792784e-06 9.999999990347573364e-01 1.748247084449130713e-03
9.999999795739041852e-01 1.757007737530237178e-04 9.990710300396840951e-05 3.310262987017869446e-02 -1.756928434090647808e-04 9.999999814153870403e-01 -7.938041549043725099e-05 6.179348250083738746e-03 -9.992104834765608659e-05 7.936286090600175064e-05 9.999999918586601755e-01 4.680252999901614828e-03
9.999999725151811347e-01 7.119628770733636279e-05 2.233847030619738746e-04 1.690265330009646169e-02 -7.117730803916378355e-05 9.999999938568731039e-01 -8.497084554134036200e-05 6.526742026505823017e-03 -2.233907512984591962e-04 8.495494328411099124e-05 9.999999714396144990e-01 -3.211527720960042145e-04
9.999999908128665016e-01 -5.175197204727261598e-05 1.252836795521127553e-04 -6.380069357709238463e-04 5.175929847850232091e-05 9.999999969507544773e-01 -5.847620009870110468e-05 3.599227755481384464e-03 -1.252806529114190964e-04 5.848268415683686907e-05 9.999999904422668395e-01 -8.303348196213563084e-04
9.999999826091474642e-01 -1.826281133049510340e-04 3.779784282210636080e-05 -1.714730110082768669e-02 1.826296272552215753e-04 9.999999825210358351e-01 -4.005430529461254064e-05 5.544821336400302704e-03 -3.779052711923352521e-05 4.006120760397968337e-05 9.999999984834878619e-01 -1.451865379514534048e-04
9.999999602364242346e-01 -2.815347261729256160e-04 -1.628950124464992872e-05 -3.103105873905586537e-02 2.815343428054076550e-04 9.999999600923251686e-01 -2.353214675413854956e-05 4.729619512298346116e-03 1.629612571106650004e-05 2.352755976438871105e-05 9.999999995904450545e-01 3.455317219604116426e-03
9.999999531715647594e-01 -3.059803984104808431e-04 -5.732717507319240214e-06 -2.936454583360045487e-02 3.059803753534130863e-04 9.999999531799137475e-01 -4.022459028238976002e-06 4.797242896562368790e-03 5.733948032528962782e-06 4.020704740818828590e-06 9.999999999754778379e-01 2.366718300757152983e-03
9.999999584364852590e-01 -2.752783806453316094e-04 8.572538077230281784e-05 -3.138620586230429776e-02 2.752792712410193012e-04 9.999999620568164049e-01 -1.037731234016149363e-05 2.438039693196533079e-03 -8.572252086987249204e-05 1.040091032918977636e-05 9.999999962717351920e-01 -8.435906392751670556e-05
9.999999777448435045e-01 -1.800436634304415889e-04 1.099754145590231671e-04 -1.434274088376123052e-02 1.800520699331256051e-04 9.999999808694927106e-01 -7.643471913552679674e-05 1.010237548377736737e-02 -1.099616508682912697e-04 7.645451873549327757e-05 9.999999910315708895e-01 9.118276460388723484e-03
9.999998913283968394e-01 -1.591777176138875949e-04 4.381844917235492936e-04 -2.361916305572076685e-02 1.592726782753609959e-04 9.999999638393665125e-01 -2.166875159131293773e-04 1.225280822096410337e-02 -4.381499840543020565e-04 2.167572831829251464e-04 9.999998805204286523e-01 1.239909570550753320e-02
9.999993581196648940e-01 -3.561928462121452445e-04 1.075586776805904227e-03 -6.714605167070973601e-02 3.565492643824223718e-04 9.999998815904632687e-01 -3.311973451399055678e-04 1.203595115856511723e-02 -1.075468679321148809e-03 3.315806322248922777e-04 9.999993667105014916e-01 4.734011797990992504e-03
9.999994211216695073e-01 -5.815120412609726779e-04 9.053176634457709695e-04 -1.243221132034042220e-01 5.817929924946869426e-04 9.999997826768066700e-01 -3.101020047961308116e-04 7.818674189995156176e-03 -9.051371386494371776e-04 3.106285327573743709e-04 9.999995421182326094e-01 5.623108755190131709e-03
9.999992515503098867e-01 -1.114657896716312333e-03 5.044170827772875799e-04 -2.060400059263919614e-01 1.114751201502785791e-03 9.999993616016938924e-01 -1.847321396854251794e-04 1.567617980472336275e-02 -5.042108476199987652e-04 1.852943009717969826e-04 9.999998557187111947e-01 1.573918681317849032e-03
9.999981203251856465e-01 -1.908793593525060688e-03 3.403720211129285982e-04 -3.119357721709012377e-01 1.908812659525157976e-03 9.999981766642567216e-01 -5.569912750046373558e-05 3.880431580406371733e-02 -3.402650823627187187e-04 5.634872922706511564e-05 9.999999405222455007e-01 3.107582585206886648e-03
9.999969682446175900e-01 -2.366354974868331226e-03 6.810768724837220657e-04 -3.837242996591462285e-01 2.366442042798511114e-03 9.999971918998169507e-01 -1.270611616900302701e-04 5.426139750691986313e-02 -6.807742881395539760e-04 1.286725054170925948e-04 9.999997599948486915e-01 4.477313513810977398e-03
9.999959868798223850e-01 -2.569633536556225652e-03 1.192982706421505694e-03 -4.283746075763762429e-01 2.569971196306675663e-03 9.999966579715195980e-01 -2.815916222768688492e-04 5.569331078660650497e-02 -1.192255132163108503e-03 2.846564234090429002e-04 9.999992487489279824e-01 -5.521088872770139530e-04
9.999937111311860694e-01 -3.239550100806498460e-03 1.443264778989495397e-03 -5.291944811439873719e-01 3.240110096317055932e-03 9.999946763940110728e-01 -3.858370131689399366e-04 5.603186958453151845e-02 -1.442007157281567902e-03 3.905109234726431900e-04 9.999988840576657934e-01 2.427835857867341116e-04
9.999916544007499963e-01 -3.802571508648026725e-03 1.493846970946929474e-03 -6.378690931501601602e-01 3.803203971512277536e-03 9.999926792708446754e-01 -4.207662875594515004e-04 6.661509492769009111e-02 -1.492236041000982423e-03 4.264441807453745576e-04 9.999987956877541828e-01 3.357283119962025959e-03
9.999893698769098949e-01 -4.389285322951488183e-03 1.412199537733615931e-03 -7.314072983796799932e-01 4.389732574650964322e-03 9.999903158537224446e-01 -3.137621640267226875e-04 7.433397474717412523e-02 -1.410808670125259260e-03 3.199580070089943118e-04 9.999989536223375941e-01 2.184506924613726850e-03
9.999852944283409428e-01 -5.222355627710127506e-03 1.462165777896230366e-03 -8.298355701843723731e-01 5.222785003267628977e-03 9.999863191168286702e-01 -2.899930787659819095e-04 9.135985917788191912e-02 -1.460631327190155390e-03 2.976253917490690945e-04 9.999988889870089492e-01 5.486908522297922336e-03
9.999963673655767327e-01 -2.367111423423554333e-03 1.289200977197654937e-03 -1.002619438748699965e+00 2.367381084382372183e-03 9.999971761832525674e-01 -2.076832258224806799e-04 6.417609922947996315e-02 -1.288705727394046921e-03 2.107345013926303955e-04 9.999991474138956171e-01 1.152268684731586751e-02
9.999989240319839823e-01 -5.866800276264404288e-04 1.344522747892703401e-03 -1.171751353244792959e+00 5.868347619556308053e-04 9.999998212351850491e-01 -1.146933302125556850e-04 5.519277820920033550e-02 -1.344455219253205477e-03 1.154822194929042563e-04 9.999990895515957767e-01 4.279096116822854803e-03
9.999976854152549111e-01 1.576128168782710021e-03 1.464576433147287988e-03 -1.374967473153503317e+00 -1.575899638366138993e-03 9.999987459166828074e-01 -1.571794879267945293e-04 8.495006255509141013e-03 -1.464822331464892598e-03 1.548710986501931593e-04 9.999989151546515576e-01 1.067293472436377753e-02
9.999975651965985479e-01 1.424918296980304342e-03 1.684995169617979063e-03 -1.504183038923540883e+00 -1.424558579768489541e-03 9.999989622756662033e-01 -2.146635586986749716e-04 -9.704512218734216711e-03 -1.685299299089973836e-03 2.122626617093643399e-04 9.999985573543768158e-01 1.517734500982417453e-02
9.999980340722280925e-01 -8.785337835554412602e-04 1.777647341344469872e-03 -1.581801692407823090e+00 8.789256396741453774e-04 9.999995896181915755e-01 -2.196660381283390892e-04 2.685928725685683693e-02 -1.777453627794743727e-03 2.212280261073804077e-04 9.999983958570941578e-01 9.215566420512149096e-03
9.999927244096223911e-01 -3.337062027111456324e-03 1.848011051967989688e-03 -1.706771028554168401e+00 3.337296818791191111e-03 9.999944235236672974e-01 -1.239819005863585302e-04 7.612593232091593998e-02 -1.847587011285599769e-03 1.301483599496593407e-04 9.999982847403490194e-01 1.172755388010304160e-03
9.999897653069977910e-01 -4.124458094881659938e-03 1.859603903800084290e-03 -1.875870605564706528e+00 4.124581806479280487e-03 9.999914919108964240e-01 -6.269562341007347747e-05 1.133844632935170904e-01 -1.859329496652886195e-03 7.036507016848696867e-05 9.999982689697916038e-01 -2.789180470791352562e-05
9.999979144884384441e-01 -6.210055052821486900e-04 1.945602974940328390e-03 -2.154882973179639727e+00 6.209967079939992174e-04 9.999998071683892098e-01 5.125729452583413859e-06 5.757769755162829572e-02 -1.945605782872781350e-03 -3.917505720314104140e-06 9.999981072996042553e-01 3.119928933292371014e-03
9.999969839109869030e-01 1.497321422680571558e-03 1.946842953756271069e-03 -2.355590549829539082e+00 -1.497373988362007665e-03 9.999988786087138370e-01 2.554317558138247086e-05 1.851564389909268402e-02 -1.946802524239545735e-03 -2.845825053927174020e-05 9.999981045732334595e-01 4.926943086061213312e-03
9.999893614004795594e-01 4.125233096820759594e-03 2.063864762511727693e-03 -2.526201058230526098e+00 -4.125738855900429845e-03 9.999914600969562750e-01 2.408569088269942515e-04 -2.237564027171827855e-02 -2.062853546414868990e-03 -2.493693134908178764e-04 9.999978412227655822e-01 -2.503782547439149971e-03
9.999915513280942525e-01 3.292077369330190587e-03 2.461604969488028535e-03 -2.695160510289044353e+00 -3.293038810922345634e-03 9.999945031935066897e-01 3.866240569567820813e-04 -1.068805775710593431e-02 -2.460318642213501963e-03 -3.947269511986573574e-04 9.999968955065874354e-01 -1.816239084659182143e-02
9.999935945301139384e-01 2.822355607469575860e-03 2.201183219800346112e-03 -2.892733385277603819e+00 -2.823010551536607113e-03 9.999959719349461595e-01 2.944916098378282088e-04 6.676014038986508546e-03 -2.200343193244762643e-03 -3.007036869360514282e-04 9.999975340305218285e-01 -1.260495658840833991e-02
9.999944212838418611e-01 2.878043552002170803e-03 1.695366186682251272e-03 -3.062210584506965816e+00 -2.878375160535418149e-03 9.999958388084638772e-01 1.931895234625409150e-04 3.228455044211768488e-02 -1.694803124076508767e-03 -1.980683456327826230e-04 9.999985442045908890e-01 -1.198894609801976104e-03
9.999966883053348354e-01 1.739460915091967010e-03 1.896748293219676371e-03 -3.246149471882531223e+00 -1.739626820641858047e-03 9.999984831653960793e-01 8.582209464476960731e-05 5.447015515378818284e-02 -1.896596131986944553e-03 -8.912144463108824391e-05 9.999981974886156255e-01 3.560669369203958018e-03
9.999966464763252461e-01 2.834309553000357879e-04 2.574238333344955332e-03 -3.419776648919529816e+00 -2.841901963131604177e-04 9.999999162301225208e-01 2.945771212117043246e-04 6.669021850309064803e-02 -2.574154625426450585e-03 -2.953077066376645307e-04 9.999966432550275730e-01 -2.031975730361690671e-02
9.999960049142591068e-01 -9.741565933421202301e-04 2.653521142332855836e-03 -3.607272209119396056e+00 9.729018479160098402e-04 9.999994143405331881e-01 4.741103088680033570e-04 7.915709706195901696e-02 -2.653981445956433375e-03 -4.715267991338089291e-04 9.999963670158817930e-01 -2.784738027186765483e-02
9.999961273045682164e-01 1.026724028000225745e-03 2.586738030064348031e-03 -3.845194722491592554e+00 -1.027992974735011380e-03 9.999993519190947255e-01 4.892768485312762447e-04 2.800553452931169029e-02 -2.586234001352092238e-03 -4.919341022334460705e-04 9.999965346912604858e-01 -1.835407883520282987e-02
9.999943723536609541e-01 2.003732023357403507e-03 2.690784083933483312e-03 -4.049303042465714597e+00 -2.005065132852937738e-03 9.999978684143506769e-01 4.928291468735161371e-04 1.751557236678717017e-02 -2.689790850753110384e-03 -4.982215707521025615e-04 9.999962583932230364e-01 -1.605151973747159788e-02
9.999895787480902465e-01 3.539586043687444668e-03 2.883353231296846217e-03 -4.266904492552010097e+00 -3.541087910300300904e-03 9.999935972324691669e-01 5.159365055083060467e-04 -9.985852373033636889e-03 -2.881508568202070970e-03 -5.261413360724831456e-04 9.999957100326309911e-01 -6.020229085816785307e-03
9.999909385695122666e-01 3.128742762973420449e-03 2.886823096249296026e-03 -4.462491358914169481e+00 -3.130087408433578338e-03 9.999949948249562404e-01 4.613868780569747212e-04 -1.742040183991884483e-03 -2.885365086338726945e-03 -4.704187058557964549e-04 9.999957266781491771e-01 1.146916315598898832e-02
9.999955298463617526e-01 7.476396320975990098e-04 2.895051342344614077e-03 -4.621127293154843052e+00 -7.490262530416919506e-04 9.999996052817974324e-01 4.779078589722140125e-04 3.466547985037537333e-02 -2.894692896759293050e-03 -4.800741921099791680e-04 9.999956951316357756e-01 1.257597735227137734e-02
9.999944034982356511e-01 -1.264222890999565753e-03 3.097533323419911482e-03 -4.779930403201605671e+00 1.262968799742199060e-03 9.999991197153336175e-01 4.067903253631152205e-04 8.225888041340549683e-02 -3.098044870349984676e-03 -4.028759608167005284e-04 9.999951198925630669e-01 7.650548708699498462e-03
9.999936021627723326e-01 7.391333552257057290e-04 3.499902199515824916e-03 -5.047704069875911692e+00 -7.403064972017787005e-04 9.999996702254310144e-01 3.339091484186526571e-04 5.614763050716505000e-02 -3.499654241947874542e-03 -3.364980124601446403e-04 9.999938195755383452e-01 8.914768928268208825e-03
9.999916063677894984e-01 2.427604415816082394e-03 3.300595517202966570e-03 -5.291955894893389356e+00 -2.428658865938657357e-03 9.999970010327392522e-01 3.155022037772267575e-04 1.765603340790144332e-02 -3.299819704281980234e-03 -3.235155761334990577e-04 9.999945032486884378e-01 1.938395659078184785e-02
9.999837385711698445e-01 4.807447038214889869e-03 3.067742851176354698e-03 -5.538037719723660324e+00 -4.809042331181589448e-03 9.999883049762434695e-01 5.128572865246382433e-04 -3.020896270593179112e-02 -3.065241439607701169e-03 -5.276018519648601433e-04 9.999951629539028941e-01 2.376265542428150288e-02
9.999872059035845862e-01 3.778188267373509650e-03 3.363528290073074245e-03 -5.743287386685298479e+00 -3.780099325293835577e-03 9.999926974788284628e-01 5.619947572582889659e-04 -8.441987598527600500e-03 -3.361380405838326237e-03 -5.747020380630915928e-04 9.999941854027625254e-01 2.288717485506771426e-02
9.999916305984887233e-01 -1.086759063843879261e-04 4.089856051627751773e-03 -5.932027365015829723e+00 1.068926163218236335e-04 9.999998991327185838e-01 4.362436490241642230e-04 6.610819909822238105e-02 -4.089903048269052585e-03 -4.358028225121706226e-04 9.999915413487033833e-01 1.273648780615384279e-02
9.999847955447463965e-01 -3.385516868025508115e-03 4.352809996789588388e-03 -6.115351292049813203e+00 3.383843702178503804e-03 9.999941980716801071e-01 3.916947494198647550e-04 1.259267973308261790e-01 -4.354110831279275028e-03 -3.769595652201580653e-04 9.999904497645740742e-01 3.518005718900550898e-03
9.999913570452962919e-01 -1.365868765462257769e-04 4.155379493129674091e-03 -6.336738943771551114e+00 1.345065432229155730e-04 9.999998654978070611e-01 5.009115267276142590e-04 6.951873133004671246e-02 -4.155447352162880935e-03 -5.003482716405778302e-04 9.999912409160944815e-01 4.397266689053902847e-03
9.999883536498473946e-01 2.827436223636381127e-03 3.911287392799739186e-03 -6.585124867349568589e+00 -2.829601903170833425e-03 9.999958463640428175e-01 5.482770569628927452e-04 3.373164563841856561e-03 -3.909720928324340351e-03 -5.593380577868208373e-04 9.999922005811844317e-01 1.527019121736175253e-02
9.999841771450153072e-01 4.399488568608441591e-03 3.505703915228088833e-03 -6.850731952975594119e+00 -4.401219120346643726e-03 9.999901964515861552e-01 4.860771265030089838e-04 -4.425557043674950564e-02 -3.503531056128518766e-03 -5.014988064771008823e-04 9.999937368649295388e-01 3.910266923012799961e-02
9.999899173066763014e-01 2.723340553497262222e-03 3.570532343554102227e-03 -7.035155643485036414e+00 -2.725113203253863754e-03 9.999961659894454069e-01 4.916954737844969874e-04 -1.620397660902150871e-02 -3.569179599871683158e-03 -5.014206210018903528e-04 9.999935047460781767e-01 3.993534767881155162e-02
9.999896284630304111e-01 -4.340497415858611237e-04 4.533714502728397426e-03 -7.186464591705496119e+00 4.312801741813705302e-04 9.999997198230957673e-01 6.118424153923020725e-04 5.325704858232279543e-02 -4.533978802528595801e-03 -6.098807684656459708e-04 9.999895354860801611e-01 1.216311354371387571e-02
9.999808021885894238e-01 -3.282765388451772039e-03 5.255350194761022192e-03 -7.393100000467017097e+00 3.279101156944436591e-03 9.999943747235888747e-01 7.057030402915405193e-04 9.836565373000408230e-02 -5.257637289478733419e-03 -6.884566674338721097e-04 9.999859415399545703e-01 -7.612643174023376105e-03
9.999795214023485812e-01 -4.227568329495656578e-03 4.804627139463688544e-03 -7.595792275616672917e+00 4.224826289334795808e-03 9.999909067654326744e-01 5.807144502847265757e-04 9.215684965338249990e-02 -4.807038459880604540e-03 -5.604038430178912879e-04 9.999882890958163850e-01 1.988075928663173703e-02
9.999828422095077274e-01 -4.031324344719233385e-03 4.250142423773052396e-03 -7.802592120392104036e+00 4.029718986458747862e-03 9.999918060680270671e-01 3.862145720047684876e-04 6.968879013988772686e-02 -4.251664554601563943e-03 -3.690810657958248963e-04 9.999908935223770223e-01 5.870614890779739248e-02
9.999879070925749014e-01 -2.150984378979048980e-03 4.422548452324453171e-03 -8.066045217240652931e+00 2.149376946300486906e-03 9.999976223069043657e-01 3.681837591700207473e-04 2.393591690216698847e-02 -4.423329894376101974e-03 -3.586735830705826467e-04 9.999901527044685601e-01 6.302620384498019979e-02
9.999871395920942874e-01 -2.133492787409377138e-03 4.600962828312140339e-03 -8.287272013932740933e+00 2.132697159883719350e-03 9.999977099878110121e-01 1.778256393531963341e-04 2.872187825108215437e-02 -4.601331681770158728e-03 -1.680108920862662797e-04 9.999893997033640902e-01 6.726339617315937880e-02
9.999863653289287058e-01 -1.843224850527926811e-03 4.885865162773774147e-03 -8.500411515649430427e+00 1.842495801325939615e-03 9.999982907893205653e-01 1.537129129783639924e-04 -8.523312152735648684e-03 -4.886140139261909050e-03 -1.447086311051007531e-04 9.999880522756017243e-01 6.271918977572671361e-02
9.999808282424722528e-01 -3.174296051819352690e-03 5.316671145996070512e-03 -8.714473403477004609e+00 3.173820979425148563e-03 9.999949586360442622e-01 9.779001267535765462e-05 -1.488428324948760928e-02 -5.316954757172933331e-03 -8.091397544507932676e-05 9.999858616225725250e-01 6.637898217006127366e-02
9.999699466719235152e-01 -5.121037372977708772e-03 5.820715520876858749e-03 -8.901676771110432540e+00 5.120119926518122873e-03 9.999868772203346357e-01 1.725081486671619778e-04 9.084974358781632009e-03 -5.821522557586051964e-03 -1.427002026981392783e-04 9.999830446121392713e-01 6.180292830956581746e-02
9.999589398451744771e-01 -6.839134766687435078e-03 5.945154275352502321e-03 -9.073336617558005912e+00 6.839443642985366077e-03 9.999766102317271255e-01 -3.162465626640865546e-05 2.176602490225163986e-02 -5.944798934285499062e-03 7.228490536825298474e-05 9.999823269140927229e-01 8.353135563667582475e-02
9.999386667768883630e-01 -9.297386408365198793e-03 6.018412617341318584e-03 -9.311287354192474552e+00 9.298549014426562079e-03 9.999567539089141421e-01 -1.652215896029491282e-04 3.136409788935318188e-02 -6.016616215559533569e-03 2.211739607417226598e-04 9.999818755414489058e-01 9.415448842496004778e-02
9.999194210910129499e-01 -1.103316250000175962e-02 6.278586645260925483e-03 -9.588329991657470686e+00 1.103350437525547033e-02 9.999391288416386026e-01 -1.981479234788407866e-05 4.007068249751222916e-02 -6.277985840595077735e-03 8.908800891444186890e-05 9.999802892842998281e-01 8.976513629578207476e-02
9.999222236581808421e-01 -1.084721426385624500e-02 6.155044857111853854e-03 -9.784479988043322862e+00 1.084833285818897174e-02 9.999411440970741305e-01 -1.483780052153060869e-04 2.823357195959320248e-02 -6.153073108374625469e-03 2.151384402838875810e-04 9.999810465237701784e-01 1.198676387146262456e-01
9.999314645459096429e-01 -9.905261662963080541e-03 6.241153936609527067e-03 -9.992760616390382822e+00 9.907483054392719410e-03 9.999508668348443541e-01 -3.251088592618597492e-04 -2.786350138273933907e-04 -6.237627000642460839e-03 3.869207046453766773e-04 9.999804709601929353e-01 1.392833011305178170e-01
9.999312493345805519e-01 -9.597363650664677767e-03 6.737003424513688180e-03 -1.019937644790241471e+01 9.600302148751240286e-03 9.999538344383358535e-01 -4.039687139139049271e-04 -4.010800194439128469e-02 -6.732815372315738636e-03 4.686182092485179453e-04 9.999772245377073210e-01 1.348651769818429158e-01
9.999022414966877159e-01 -1.176737573371406526e-02 7.552239286546451151e-03 -1.042425616397814636e+01 1.177159176465305407e-02 9.999305802860630754e-01 -5.140390096762391826e-04 -1.876911143179657571e-02 -7.545666122086950277e-03 6.028906357822085872e-04 9.999713493123967289e-01 1.253498610398593727e-01
9.998818355275602698e-01 -1.324705978519017356e-02 7.799383891338812665e-03 -1.063116178206839813e+01 1.325112447836888398e-02 9.999120896730300245e-01 -4.697081787018212947e-04 5.407039604774118574e-03 -7.792475992625904312e-03 5.730032826814000866e-04 9.999694740266537041e-01 1.270184290852994502e-01
