9.999999999999997780e-01 -1.179437378800895267e-19 4.513296021473010816e-20 0.000000000000000000e+00 2.410750703817041256e-18 1.000000000000000000e+00 3.393380551570677611e-19 0.000000000000000000e+00 1.704598014230834765e-20 -9.899396815885539085e-19 1.000000000000000000e+00 5.551115123125782702e-17
9.999969928466336810e-01 -1.747729429212340532e-03 -1.722384879900683329e-03 -3.125709182759632901e-03 1.746932812166647822e-03 9.999983699506022061e-01 -4.640949763715908555e-04 -1.615283018881985555e-02 1.723191099542700040e-03 4.610863258287639633e-04 9.999984095602270084e-01 5.622682037409623135e-01
9.999936475588897533e-01 -2.268700127482159174e-03 -2.750676993466795450e-03 -3.452694766904662246e-03 2.262543000356052100e-03 9.999949385086944753e-01 -2.239502618517262133e-03 -3.377117082683628313e-02 2.755743693571672485e-03 2.233266535635302415e-03 9.999937112169493547e-01 1.128072330801892509e+00
9.999860922342020952e-01 -2.616371587450596562e-03 -4.580533354842269630e-03 -8.074197767163789063e-03 2.600495695140982080e-03 9.999906106435787478e-01 -3.468507968880275936e-03 -4.531224484724868939e-02 4.589565079999328653e-03 3.456549601656670398e-03 9.999834960156582797e-01 1.674982087122072638e+00
9.999680814990394850e-01 -4.338946683141681020e-03 -6.710300255733417721e-03 -1.307519401842389788e-02 4.304324528633142466e-03 9.999774056177602732e-01 -5.165502472480221381e-03 -6.028599037765617480e-02 6.732559299685331178e-03 5.136458036375017577e-03 9.999641468305537906e-01 2.230820825564381327e+00
9.999436371157300885e-01 -6.628800401046525646e-03 -8.295135379933635256e-03 -1.059379269638486762e-02 6.569608407191889800e-03 9.999529252775911647e-01 -7.142757183677289970e-03 -7.713311795227847933e-02 8.342086991909143656e-03 7.087861275376408296e-03 9.999400875766475405e-01 2.794146117646498784e+00
9.999227304809925609e-01 -7.799162819160143471e-03 -9.681774300382701981e-03 -1.983326768224490805e-02 7.721497584436029862e-03 9.999379363173471758e-01 -8.033473759489295415e-03 -8.862605307121881881e-02 9.743820535377130040e-03 7.958098728511881284e-03 9.999208643364723148e-01 3.353887649680405314e+00
9.999063974023080226e-01 -8.241905388627051438e-03 -1.092243523595607009e-02 -2.386422044081779742e-02 8.159952383436903586e-03 9.999383990902200869e-01 -7.526717968523321048e-03 -1.044483564959118038e-01 1.098378776848011815e-02 7.436890876933289693e-03 9.999120260006575389e-01 3.935105195422794910e+00
9.998891493270499753e-01 -8.346337944908990142e-03 -1.233128790117218009e-02 -3.510792502233312656e-02 8.250985019831579698e-03 9.999358427794444726e-01 -7.763430409489449277e-03 -1.225572911267672482e-01 1.239528333382228058e-02 7.660828538739532755e-03 9.998938341388322604e-01 4.514461318095351672e+00
9.998827162166173954e-01 -7.732800503785007377e-03 -1.322086672640153220e-02 -4.773936121003102134e-02 7.595401288231552230e-03 9.999169722160567986e-01 -1.041149140492952929e-02 -1.411350497126044323e-01 1.330026985800048141e-02 1.030985649469042843e-02 9.998584005900704730e-01 5.111656429264446189e+00
9.998736125170415434e-01 -6.219156435405052280e-03 -1.463272723256438604e-02 -6.055687968184390868e-02 6.014575199037721503e-03 9.998841529081764490e-01 -1.398387291096853113e-02 -1.599439913498386656e-01 1.471799154209288071e-02 1.389409935140121892e-02 9.997951525053141442e-01 5.705628138481963596e+00
9.998623556028886084e-01 -4.608067603884886086e-03 -1.593968684902985142e-02 -8.136778811550825219e-02 4.334413891896000265e-03 9.998433790540529609e-01 -1.716031719802830688e-02 -1.746222032831084015e-01 1.601625895366118324e-02 1.708886915367844803e-02 9.997256939159857581e-01 6.316854951175510102e+00
9.998545187302213533e-01 -2.731271593041795752e-03 -1.683811063671015670e-02 -9.821447357180225490e-02 2.439593249216770367e-03 9.998470658914864195e-01 -1.731892706550302446e-02 -1.938831638316756423e-01 1.688282792881047253e-02 1.727533307858762635e-02 9.997082323365812373e-01 6.941090977202152068e+00
9.998326288666800066e-01 -2.932721592969397004e-04 -1.829396294015559268e-02 -1.156095820788164003e-01 8.826632577617627015e-05 9.999372325624290569e-01 -1.120612934093453278e-02 -2.076631078256375162e-01 1.829608985069867966e-02 1.120264299446165068e-02 9.997698598475728282e-01 7.584896667505734769e+00
9.998244378743228467e-01 -2.570603633648533518e-05 -1.873857083119638209e-02 -1.320951010450214791e-01 8.378725783587019417e-07 9.999991489914631382e-01 -1.327288377563653988e-03 -2.183990431495635431e-01 1.873857646914995484e-02 1.327044496899117219e-03 9.998235488531217463e-01 8.249462526153875430e+00
9.998057138909682839e-01 6.422871694740627793e-04 -1.970185879629125433e-02 -1.491744489416514663e-01 -5.411896956823399399e-04 9.999866939403238009e-01 5.136102740642990543e-03 -2.316436578540355118e-01 1.970488271204930489e-02 -5.124437146668895694e-03 9.997927198560900841e-01 8.915287846086449974e+00
9.997774683997858736e-01 2.207167569274935248e-03 -2.098055386438604092e-02 -1.687901054457758843e-01 -2.107245072085981493e-03 9.999863711172950476e-01 4.783360317333816732e-03 -2.493293205427397630e-01 2.099081205777234005e-02 -4.738079360592515124e-03 9.997684552913382872e-01 9.589842717569323938e+00
9.997516161021258174e-01 5.367632406826901813e-03 -2.163186409721445935e-02 -1.928234042700320006e-01 -5.424531837948343323e-03 9.999820115986590707e-01 -2.572697327148161083e-03 -2.621705071305880930e-01 2.161765382735090363e-02 2.689406098858269315e-03 9.997627094540125769e-01 1.028238077696931718e+01
9.997184470577100690e-01 5.723169600161532623e-03 -2.302856908760332610e-02 -2.139701889969808091e-01 -5.915186964643332455e-03 9.999482677940705333e-01 -8.278928205194263992e-03 -2.718506610531589152e-01 2.297998387811577004e-02 8.412820224945081332e-03 9.997005433810316477e-01 1.098661248906529764e+01
9.997057351020830485e-01 3.726265539298438678e-03 -2.397101881992042688e-02 -2.341740079700198318e-01 -3.900381585769796024e-03 9.999663591801150053e-01 -7.221107085965809171e-03 -2.803790185606974128e-01 2.394329251520840515e-02 7.312483608700922830e-03 9.996865899092172159e-01 1.171902638608847447e+01
9.996982886026101189e-01 1.800667973158318405e-03 -2.449778420829807485e-02 -2.521846549387641856e-01 -1.764846870968816419e-03 9.999973820591802065e-01 1.483622439575504664e-03 -2.847909572146258839e-01 2.450038033031511422e-02 -1.439933996152462396e-03 9.996988008781850787e-01 1.246792586328396979e+01
9.996937474722947803e-01 1.149892604519356896e-03 -2.472126920403765193e-02 -2.725058180137093222e-01 -9.268243432940702830e-04 9.999588158943832905e-01 9.032769627864952258e-03 -2.921937220830277959e-01 2.473062669773367847e-02 -9.007084469181469988e-03 9.996535932538053171e-01 1.324493777428950558e+01
9.996745611099121520e-01 4.205510181175648138e-04 -2.550786500172018412e-02 -2.972869418193374025e-01 -1.195517593115465893e-04 9.999304077311187422e-01 1.180053890385042263e-02 -2.951168341962783215e-01 2.551104283905395245e-02 -1.179364065909136762e-02 9.996049902146606492e-01 1.403510564852145670e+01
9.996690519529400909e-01 -1.368056873091730080e-03 -2.568991780474036424e-02 -3.174815932100466531e-01 1.651721154759722707e-03 9.999379169007144297e-01 1.102378854349528835e-02 -3.016444862005964733e-01 2.567323085452962242e-02 -1.106256435917616666e-02 9.996091968285174545e-01 1.482974684041539781e+01
9.996835589489341256e-01 -1.564436688839845402e-03 -2.510759971067560992e-02 -3.406197577839150115e-01 1.779347198054987041e-03 9.999620048872235323e-01 8.539395127335201383e-03 -3.074687077829496018e-01 2.509327501691486703e-02 -8.581359734132258665e-03 9.996483072249006119e-01 1.566305923717378867e+01
9.996925885638979770e-01 5.337023422175270421e-04 -2.478912718808156876e-02 -3.684704721619950774e-01 -4.097505867227247789e-04 9.999874419165541983e-01 5.004914689792732546e-03 -3.011706604215259597e-01 2.479147635985417403e-02 -4.993210802384778074e-03 9.996802004525588980e-01 1.648771634867389935e+01
9.997228423287712884e-01 -2.099700705583983952e-03 -2.344969389081237240e-02 -3.882108704013626510e-01 2.091447328599175832e-03 9.999977935083812497e-01 -3.766180305009066013e-04 -3.158335295235931151e-01 2.345042156861211827e-02 3.274772716515523359e-04 9.997249742119846960e-01 1.734546139929936714e+01
9.997222162115407817e-01 -4.564263610228976552e-03 -2.312394668636937392e-02 -4.084351408864118627e-01 4.419206170194031787e-03 9.999703133975310632e-01 -6.320409463917872790e-03 -3.328853473182109557e-01 2.315209616955902355e-02 6.216471457944687702e-03 9.997126540717395926e-01 1.819948475848719482e+01
9.997598987826710193e-01 -3.340221211829720420e-03 -2.165755185079255504e-02 -4.333289823872036317e-01 3.093448585245730728e-03 9.999300839345051095e-01 -1.141790680087674537e-02 -3.558783680121892501e-01 2.169416710014762315e-02 1.134817660758934837e-02 9.997002756146684543e-01 1.909662558083855544e+01
9.997624822440256409e-01 -1.755028051567610048e-03 -2.172482734453049652e-02 -4.599627247535066354e-01 1.481990628213066289e-03 9.999198584496686859e-01 -1.257778058251384813e-02 -3.670730091286030783e-01 2.174514752164832115e-02 1.254260324066994517e-02 9.996848971333655021e-01 1.999162133881084813e+01
9.997573576367141390e-01 -2.467690622113120381e-03 -2.189079950698981716e-02 -4.849111581028724971e-01 2.205364612667180466e-03 9.999256354353963649e-01 -1.199948274114041868e-02 -3.902028004345420853e-01 2.191877225909676791e-02 1.194830044914072138e-02 9.996883883116030045e-01 2.090845060205782602e+01
9.997623964762782922e-01 -1.420940715300752534e-03 -2.175324106138764105e-02 -5.068144172121741287e-01 1.137561955321859638e-03 9.999144739659456826e-01 -1.303382076250258169e-02 -4.169223700067823946e-01 2.176988954593914866e-02 1.300598425268397786e-02 9.996784411956595173e-01 2.185633230705928298e+01
9.997578556182061815e-01 1.709117484290416595e-03 -2.194065986955054740e-02 -5.392378936494656161e-01 -2.042572261353190269e-03 9.998826906574569406e-01 -1.518465642752287771e-02 -4.456517991269181023e-01 2.191212242007344393e-02 1.522579859748046660e-02 9.996439885652507185e-01 2.279734370557130063e+01
9.997435544859726297e-01 5.649560183678843488e-03 -2.193156421096610631e-02 -5.671923512995006300e-01 -6.005245349254735576e-03 9.998510332042702675e-01 -1.618615703217932134e-02 -4.721565699570347552e-01 2.183684061729811512e-02 1.631371357647316139e-02 9.996284736630376422e-01 2.377095447510428983e+01
9.997326416569560781e-01 6.940397553896509447e-03 -2.205815228563092270e-02 -6.003054114639239103e-01 -7.297424494254480497e-03 9.998430765601522552e-01 -1.614666650221054447e-02 -5.034623559655766467e-01 2.194261488873069932e-02 1.630332030807900984e-02 9.996263279263578605e-01 2.472481317528923128e+01
9.997240200534954768e-01 7.919203138839587056e-03 -2.211923852627574114e-02 -6.261129474609458123e-01 -8.281698705106374861e-03 9.998321892687197510e-01 -1.634502107535899459e-02 -5.370748429169858174e-01 2.198607915499517854e-02 1.652369826395374761e-02 9.996217561872353663e-01 2.571452583950858184e+01
9.997095475926819352e-01 8.664559913832562202e-03 -2.249088744038482343e-02 -6.541941989378430300e-01 -9.027946836816702972e-03 9.998296081640513089e-01 -1.610613955436357436e-02 -5.696622851954304956e-01 2.234749575313716222e-02 1.630451177996106865e-02 9.996173412473549069e-01 2.669150909849487618e+01
9.996946923602024748e-01 9.177603057953030719e-03 -2.294319019823179082e-02 -6.811128029041807475e-01 -9.523789937487385851e-03 9.998418345173231137e-01 -1.502541828152079324e-02 -6.003774908231008789e-01 2.280165834796984287e-02 1.523934098331373305e-02 9.996238913935043824e-01 2.768354142952085084e+01
9.996866657052916327e-01 1.002725430822398560e-02 -2.293739891378712356e-02 -7.094239396582150414e-01 -1.033286480386347295e-02 9.998589832924722476e-01 -1.324421784376278097e-02 -6.342644375477375362e-01 2.280135725571820829e-02 1.347708003309868938e-02 9.996492112024819576e-01 2.870472443847256372e+01
9.996747222378706832e-01 1.023207439512655546e-02 -2.336360061236640584e-02 -7.365234002655607348e-01 -1.051679975338421121e-02 9.998716110244706412e-01 -1.209655424265006218e-02 -6.603069574655016094e-01 2.323682551498247595e-02 1.233833331788545748e-02 9.996538876934204509e-01 2.969572475325244909e+01
9.996798858180814262e-01 9.893783586772350938e-03 -2.328828098634612084e-02 -7.657068589944697745e-01 -1.019996927227280470e-02 9.998626995361060699e-01 -1.306575651173681220e-02 -6.963877219408834973e-01 2.315580964805562247e-02 1.329911643716567490e-02 9.996434483943653637e-01 3.073160224774197502e+01
9.996489184436786468e-01 1.168811530023435540e-02 -2.378096150553933238e-02 -7.954373647611191478e-01 -1.202194940664953055e-02 9.998305957311792724e-01 -1.394366557323993214e-02 -7.277758246094986339e-01 2.361395445871052046e-02 1.422466620982965231e-02 9.996199891566107665e-01 3.173280956486171078e+01
9.996450258402751476e-01 1.140876939995562507e-02 -2.407854992061913418e-02 -8.244584762406008682e-01 -1.172949205256467592e-02 9.998438922165738818e-01 -1.322090621396577147e-02 -7.571141993593903941e-01 2.392395609808378384e-02 1.349864486389116235e-02 9.996226861869811353e-01 3.276663523835662772e+01
9.996496721417752473e-01 1.028778602133548735e-02 -2.438871007431286583e-02 -8.529689445495522993e-01 -1.055034557846011925e-02 9.998875969777117900e-01 -1.066148766514462588e-02 -7.877255875737935176e-01 2.427628547771158718e-02 1.091506492490438261e-02 9.996457414080777149e-01 3.383235930733272312e+01
9.996303938703874348e-01 1.085276555785852012e-02 -2.492808520479327869e-02 -8.800199237590388135e-01 -1.103785952365777395e-02 9.999125322455473253e-01 -7.299509119373012375e-03 -8.139362732111060650e-01 2.484668231922361123e-02 7.571966723952325458e-03 9.996626416987464125e-01 3.487239001562612373e+01
9.996310003380125542e-01 9.970542979244524651e-03 -2.526995660650691033e-02 -9.109142479127011471e-01 -1.010080565045981191e-02 9.999364208286274369e-01 -5.032368255634634725e-03 -8.392099458371040654e-01 2.521817501282846638e-02 5.285761927228745105e-03 9.996680441968139874e-01 3.594392866957736032e+01
9.996073354432650770e-01 1.032471475640482465e-02 -2.605180469746213798e-02 -9.462626254024585348e-01 -1.044265843173849788e-02 9.999359162935064216e-01 -4.395274155772775984e-03 -8.647419789952741631e-01 2.600475839406801715e-02 4.665601368792389111e-03 9.996509817596980207e-01 3.698627345018523016e+01
9.995924862453391402e-01 1.093643958666324668e-02 -2.637008316544352249e-02 -9.785571237827338509e-01 -1.109383949337751883e-02 9.999215730604595898e-01 -5.829925209525786169e-03 -8.945802766112344040e-01 2.630426387126298671e-02 6.120098624887487272e-03 9.996353017499239879e-01 3.807714125691752827e+01
9.995697315418008433e-01 1.175250319309983742e-02 -2.687669144842581848e-02 -1.010056534060565170e+00 -1.192900278298696451e-02 9.999083696629452733e-01 -6.416058910415095400e-03 -9.211548157400027970e-01 2.679883177643130332e-02 6.733914266418409601e-03 9.996182192919484955e-01 3.914201333468183464e+01
9.995492423698690843e-01 1.140300284973579450e-02 -2.777429718634276054e-02 -1.042617050564696335e+00 -1.155697814966895332e-02 9.999187992859498442e-01 -5.389516254367402587e-03 -9.455654677316203127e-01 2.771059317680913889e-02 5.708078741902234202e-03 9.995997445367709178e-01 4.021425515790923555e+01
9.995326571877402033e-01 1.119169665448345105e-02 -2.844893452236285300e-02 -1.079301332260789614e+00 -1.129294232655910120e-02 9.999305589932158123e-01 -3.400592703336788574e-03 -9.751245773630912161e-01 2.840890912427936413e-02 3.720280888973285464e-03 9.995895170934900875e-01 4.130953823607882214e+01
9.995135528905944033e-01 1.072950909674096412e-02 -2.928592243018747834e-02 -1.114768173828384112e+00 -1.076816185330847948e-02 9.999414560362541726e-01 -1.162366270429525091e-03 -9.972836276277434742e-01 2.927174582215193860e-02 1.477161793329296625e-03 9.995704545159465049e-01 4.236582125970748081e+01
9.994967770096260251e-01 1.120796274194197500e-02 -2.967671513340412390e-02 -1.152668145730473492e+00 -1.124026891184370935e-02 9.999365138555843524e-01 -9.218933483936838204e-04 -1.022693379593667240e+00 2.966451039174001006e-02 1.255009901422060982e-03 9.995591805248854600e-01 4.346141798867287775e+01
9.994543365880697028e-01 1.361647472659018206e-02 -3.009578723046837240e-02 -1.194138537644396481e+00 -1.375573347238519956e-02 9.998957093751875691e-01 -4.424870359572462102e-03 -1.052427829654678959e+00 3.003241100977950551e-02 4.836451859036889657e-03 9.995372821614015857e-01 4.450619418845617048e+01
9.994227393157769646e-01 1.602209877697532286e-02 -2.996029895830563602e-02 -1.232039207516796075e+00 -1.629152862399516413e-02 9.998289354545180085e-01 -8.770383631129712379e-03 -1.088034916083082004e+00 2.981466931975593551e-02 9.253426174145838734e-03 9.995126694109869314e-01 4.559553278532511200e+01
9.994052594629063702e-01 1.704500480448705932e-02 -2.997892769352978118e-02 -1.275057627614053946e+00 -1.732960167484209543e-02 9.998070764206820060e-01 -9.259090273890725406e-03 -1.113996945057893706e+00 2.981533874858946151e-02 9.773112270301205495e-03 9.995077049079849063e-01 4.665401990611317018e+01
9.994390767310287194e-01 1.515730060858743421e-02 -2.986527576667195524e-02 -1.312073118536756011e+00 -1.536805344672376866e-02 9.998586311651150860e-01 -6.839845358057572954e-03 -1.141470787322725888e+00 2.975739869042802466e-02 7.294986485914341581e-03 9.995305908945630868e-01 4.773721920901841287e+01
9.994284494822126552e-01 1.612633954245354731e-02 -2.971299848143916719e-02 -1.350784537541471986e+00 -1.627879932551443490e-02 9.998556288109192725e-01 -4.896246785476796384e-03 -1.165937679691506190e+00 2.962976878926373500e-02 5.377147194824203301e-03 9.995465435998072135e-01 4.882853905274037487e+01
9.994573069557077805e-01 1.428095824765764597e-02 -2.968666716852734130e-02 -1.388609264517806086e+00 -1.439547548559362046e-02 9.998898563916005511e-01 -3.647292905449553771e-03 -1.193781851630130397e+00 2.963133090388841290e-02 4.072674528687690067e-03 9.995526639434323402e-01 4.989170371787134428e+01
9.994503966509710180e-01 1.544243894751709360e-02 -2.933587051209858576e-02 -1.424790918662073524e+00 -1.557338653486059488e-02 9.998698674102981521e-01 -4.240399540431289728e-03 -1.220626318682007660e+00 2.926659305730470312e-02 4.694936082562023438e-03 9.995606812703259347e-01 5.098520497847547261e+01
9.994746042460151969e-01 1.484245116062078186e-02 -2.881623949566560622e-02 -1.459172780983822193e+00 -1.502467983715093276e-02 9.998685439912103901e-01 -6.117489912410330709e-03 -1.253027792222528358e+00 2.872167419371058836e-02 6.547238562476721813e-03 9.995660742462050274e-01 5.205200407332685586e+01
9.994651894447861284e-01 1.572003295307091222e-02 -2.867717336777993176e-02 -1.493508793106464783e+00 -1.596519995950617180e-02 9.998379020137565520e-01 -8.340267300190913960e-03 -1.275939852928435814e+00 2.854144049622999238e-02 8.793649536739890984e-03 9.995539999008484777e-01 5.312058122566386231e+01
9.994800534823827798e-01 1.503934875718784467e-02 -2.852379518656602067e-02 -1.524355075776053559e+00 -1.535365631139947590e-02 9.998235925830902815e-01 -1.083220788699082622e-02 -1.312850885590934658e+00 2.835588207238884384e-02 1.126452585684766146e-02 9.995344933951616495e-01 5.421085732741084939e+01
9.994902019356434186e-01 1.466677948059119316e-02 -2.836175096608293394e-02 -1.557290133979864821e+00 -1.506224057935678408e-02 9.997917390113697511e-01 -1.378039720878556154e-02 -1.355162549047726150e+00 2.815375967749346453e-02 1.420056813452781792e-02 9.995028077567966740e-01 5.527503644537149796e+01
9.995103486563182704e-01 1.410568963285048494e-02 -2.793319308967984888e-02 -1.588304382496464218e+00 -1.454075557822289387e-02 9.997753051893980558e-01 -1.543377618541490193e-02 -1.397006140832022458e+00 2.770924104445567776e-02 1.583239264674395769e-02 9.994907136805772918e-01 5.635584520097650341e+01
9.995265185253349172e-01 1.264390826284973214e-02 -2.805436381993238124e-02 -1.617934244726812132e+00 -1.302842390716284562e-02 9.998232501928715488e-01 -1.356583175683804231e-02 -1.435133585548112434e+00 2.787791105048389659e-02 1.392491672010197704e-02 9.995144188209555969e-01 5.742718965826333744e+01
9.995667283736721087e-01 1.079319674683837035e-02 -2.738701584303622830e-02 -1.649851952683746514e+00 -1.101981138641704334e-02 9.999063288559195684e-01 -8.137049138873900592e-03 -1.462261438877635378e+00 2.729666053946947640e-02 8.435328980039765237e-03 9.995918638423496594e-01 5.851914898610250049e+01
9.995962056584610789e-01 8.476288762972770258e-03 -2.712504519340681181e-02 -1.680056914026765824e+00 -8.550840562734047384e-03 9.999601326426846848e-01 -2.633538776734608861e-03 -1.487308806733451672e+00 2.710167811430039958e-02 2.864424375172802944e-03 9.996286571408870003e-01 5.960116027756105694e+01
9.996128641972263917e-01 6.758759425056950175e-03 -2.699325812573355812e-02 -1.710184135567903940e+00 -6.794587620616108353e-03 9.999763152320900739e-01 -1.235701011061195219e-03 -1.512768888072223428e+00 2.698430368461719048e-02 1.418638519848379465e-03 9.996349298437764430e-01 6.068486682354443218e+01
9.996343397074280990e-01 5.557453033487868253e-03 -2.646697742347502158e-02 -1.736024131554215089e+00 -5.675761432647427954e-03 9.999743925884443385e-01 -4.396900445041738298e-03 -1.546219072053688359e+00 2.644190486971738710e-02 4.545520342552941684e-03 9.996400984011870605e-01 6.177316696650537864e+01
9.996406659144814189e-01 4.292107364076860540e-03 -2.646356125877634066e-02 -1.767853685403889319e+00 -4.501016737061518634e-03 9.999593093990080117e-01 -7.839612446817717517e-03 -1.573577487858443202e+00 2.642887965170999040e-02 7.955914738859795957e-03 9.996191187528219446e-01 6.284308759138923506e+01
9.996216297089162151e-01 7.053029166103223779e-03 -2.659062833498315737e-02 -1.803910986771913638e+00 -7.366302579614985267e-03 9.999045714157895892e-01 -1.170175205084913669e-02 -1.607341066008303176e+00 2.650560243647642061e-02 1.189320506340883418e-02 9.995779958258668163e-01 6.392900384591835916e+01
9.996258358277677614e-01 6.481450664178958938e-03 -2.657799656099783456e-02 -1.838717669986244863e+00 -6.894755909746220872e-03 9.998564478077243134e-01 -1.548851571725664081e-02 -1.643893030248741560e+00 2.647383884225893921e-02 1.566597415870537094e-02 9.995268277967573889e-01 6.500743310912464779e+01
9.996266497875389012e-01 9.034055273432589975e-03 -2.579089361245755913e-02 -1.873842755808771132e+00 -9.458534662836136017e-03 9.998212125064543931e-01 -1.638412837206509529e-02 -1.683078512218374012e+00 2.563831289268341668e-02 1.662196062517141623e-02 9.995331679145097459e-01 6.609145200306298307e+01
9.996119188670044009e-01 1.213229093947589335e-02 -2.508081229708741464e-02 -1.909949459669441740e+00 -1.247325975403243067e-02 9.998314785225114187e-01 -1.348325378758320064e-02 -1.710627521067889623e+00 2.491304676790469241e-02 1.379086620054555991e-02 9.995945774474722656e-01 6.719451081260962155e+01
9.995927370897018660e-01 1.361121402148145372e-02 -2.508631079903246575e-02 -1.947649221207230275e+00 -1.390070784272522120e-02 9.998385554101191230e-01 -1.140177032318689769e-02 -1.750661611125627237e+00 2.492711285484550468e-02 1.174585041152015862e-02 9.996203490184858431e-01 6.827627426723360315e+01
9.995973380186843338e-01 1.355077760062579038e-02 -2.493531770338704157e-02 -1.975647786226859326e+00 -1.381961728362995911e-02 9.998480694689390047e-01 -1.064081455342340103e-02 -1.785579736960545505e+00 2.478738284213326953e-02 1.098113287628533705e-02 9.996325168556235985e-01 6.937032964079153885e+01
9.996030957183568155e-01 1.304077038632031095e-02 -2.497653769572066515e-02 -2.005410210569941842e+00 -1.329056858161751543e-02 9.998632356336405458e-01 -9.861441144412504828e-03 -1.819682388946231688e+00 2.484456699593233162e-02 1.018948687402327843e-02 9.996394803266265283e-01 7.045475681496068887e+01
9.996252125721785120e-01 1.132355302346502689e-02 -2.492908834458794701e-02 -2.033891891538994745e+00 -1.153807655855522071e-02 9.998976842928674058e-01 -8.478273416695200626e-03 -1.854323174798075957e+00 2.483058112147498026e-02 8.762737150971481453e-03 9.996533528327666840e-01 7.155069539773442955e+01
9.996367984858053335e-01 9.362703184096861017e-03 -2.527589907036103048e-02 -2.066903915254488133e+00 -9.533342629505191235e-03 9.999327180057782094e-01 -6.638908614592569334e-03 -1.885382451691049566e+00 2.521209021881517034e-02 6.877469525036739549e-03 9.996585520900702626e-01 7.263207160802410556e+01
9.996347244482557404e-01 8.026895477264412923e-03 -2.581197606489482252e-02 -2.094961628779345553e+00 -8.163438466558274945e-03 9.999534218860404167e-01 -5.188757047160950930e-03 -1.915877835654519190e+00 2.576917455677927779e-02 5.397587780421944648e-03 9.996534331919251226e-01 7.371394625487675967e+01
9.996232246492597895e-01 7.549158345253863950e-03 -2.639490107948058370e-02 -2.126291630168066327e+00 -7.708326298282647433e-03 9.999528929260174115e-01 -5.933607874133857776e-03 -1.948255451033409580e+00 2.634891486130752983e-02 6.134843931836565442e-03 9.996340692109967341e-01 7.480608576592622683e+01
9.995979724323661442e-01 8.074556852556319039e-03 -2.718402048775077351e-02 -2.161864199999484537e+00 -8.337183295240937347e-03 9.999197415277197853e-01 -9.561518974781340469e-03 -1.981899298364629303e+00 2.710468744122142282e-02 9.784323276449171866e-03 9.995848035717092017e-01 7.587364701812964540e+01
9.995719287427371480e-01 9.436216137256647762e-03 -2.769850170171052339e-02 -2.195621922288740091e+00 -9.759406228466778466e-03 9.998858160416955743e-01 -1.155614027422193109e-02 -2.018774618396847575e+00 2.758634918915572193e-02 1.182152408859768120e-02 9.995496097615860220e-01 7.694558381650563206e+01
9.995378174023143991e-01 1.022028367597835503e-02 -2.863545139433170544e-02 -2.233497949819855055e+00 -1.051625798355964626e-02 9.998928529759107953e-01 -1.020436378349504590e-02 -2.049979659209019367e+00 2.852814655385984763e-02 1.050079499897097444e-02 9.995379216767321662e-01 7.801260761690252821e+01
9.995269906822566996e-01 1.031552804854887588e-02 -2.897718892734443136e-02 -2.269527273115367283e+00 -1.050533574944627173e-02 9.999245217230476879e-01 -6.405547522174834772e-03 -2.082151779263980984e+00 2.890898140220741000e-02 6.706943731118481661e-03 9.995596378901846490e-01 7.909967288998488755e+01
9.995082538030638508e-01 1.147877869883152588e-02 -2.918535877178713225e-02 -2.305626978670201499e+00 -1.155284321681569401e-02 9.999306786840913563e-01 -2.370268482294306082e-03 -2.106330202421258679e+00 2.915618088530359808e-02 2.706289407233671441e-03 9.995712967444626562e-01 8.016916971423935934e+01
9.994919411660566633e-01 1.137996428892765026e-02 -2.977679005016379415e-02 -2.344645484296304705e+00 -1.143683674632033423e-02 9.999333103203963402e-01 -1.740244253057387927e-03 -2.132360207093792592e+00 2.975505038876963965e-02 2.079925392081280900e-03 9.995551495896647376e-01 8.122592580655769723e+01
9.994551416387054132e-01 1.361465313847245832e-02 -3.007283941980784872e-02 -2.379730890123954001e+00 -1.373139204294577392e-02 9.998991875634342108e-01 -3.678665322618890170e-03 -2.165920828814222876e+00 3.001977674269905999e-02 4.089616079692116532e-03 9.995410322843898410e-01 8.229265333167347762e+01
9.994304428170418531e-01 1.387436057403562684e-02 -3.076698504713619789e-02 -2.416725141243720731e+00 -1.401902782908112308e-02 9.998918777428630333e-01 -4.491211468596999906e-03 -2.196255012355167402e+00 3.070139732444790784e-02 4.919989634578915937e-03 9.995165865284463269e-01 8.333861372821723990e+01
9.994279594829861280e-01 1.329703354562030045e-02 -3.110085301528466364e-02 -2.451241439020573232e+00 -1.344242123212126619e-02 9.998998924499522545e-01 -4.470213232105509082e-03 -2.223435157161691045e+00 3.103835067426523667e-02 4.885739680141406791e-03 9.995063477704647648e-01 8.438356201800615963e+01
9.994142600570266044e-01 1.194115202407755594e-02 -3.207607871248854131e-02 -2.485255433853693408e+00 -1.209371060831840664e-02 9.999166848716357636e-01 -4.566260020377096648e-03 -2.258387575112825285e+00 3.201893153173476086e-02 4.951517368372708970e-03 9.994750920274715345e-01 8.541062797934031892e+01
9.994025139750085662e-01 1.132905748957747580e-02 -3.265888502888851519e-02 -2.518460832922576387e+00 -1.143317955314869863e-02 9.999303778563057854e-01 -3.003067207244071619e-03 -2.287577877435321483e+00 3.262264578303220031e-02 3.374682238291666289e-03 9.994621398791343481e-01 8.642209117727276180e+01
9.993998329207072207e-01 9.752183401085825348e-03 -3.324469191434462761e-02 -2.557378365687887012e+00 -9.780406963051034921e-03 9.999521868557542659e-01 -6.863387895702587711e-04 -2.308716683539285608e+00 3.323646775033556322e-02 1.011088387532408555e-03 9.994471026485192144e-01 8.741238894470141929e+01
9.993701720839635039e-01 9.085873058765141577e-03 -3.430816278273705194e-02 -2.592422773281340298e+00 -9.073761828933062448e-03 9.999589571719519343e-01 5.088874944445461465e-04 -2.338576403586519525e+00 3.431143826131630853e-02 -1.972463216901277304e-04 9.994112709332724220e-01 8.839214221272237637e+01
9.993151256888855860e-01 7.895742973802839446e-03 -3.615639910585331795e-02 -2.629419276267959571e+00 -7.877567642689443581e-03 9.999690193216992373e-01 6.452999976536738687e-04 -2.362858053861376817e+00 3.616043269803054933e-02 -3.600160472230936573e-04 9.993460342977739108e-01 8.934489548368188139e+01
9.991952812979815191e-01 7.236407541063685431e-03 -3.945601394035678361e-02 -2.674685113893813693e+00 -7.244252483465649095e-03 9.999740152378510105e-01 -5.573962091650608015e-05 -2.391599588791212927e+00 3.945464240276995438e-02 3.415409640047909639e-04 9.992214080153395406e-01 9.027733684718818097e+01
9.990668012767697226e-01 6.648092755872294854e-03 -4.268120675949454990e-02 -2.714995842860991715e+00 -6.691235838026633569e-03 9.999774956875593368e-01 -8.679418406826463301e-04 -2.414301755767240820e+00 4.267453035253566257e-02 1.152738590371065125e-03 9.990884672107308573e-01 9.117875994148781160e+01
9.989331642654215582e-01 6.859482943560230896e-03 -4.567098320376745957e-02 -2.758764706149993362e+00 -6.900565753092988142e-03 9.999761755014643372e-01 -7.418404159626765335e-04 -2.440558848034922068e+00 4.566485883090473652e-02 1.056221052962699096e-03 9.989563630558317975e-01 9.206277761792166814e+01
9.987572064754738355e-01 7.861500636871375514e-03 -4.921996003295613098e-02 -2.808743186524320201e+00 -7.852755947679057949e-03 9.999693615699295490e-01 3.711313383803491531e-04 -2.464169635519080526e+00 4.922141781047856268e-02 1.585868079985384543e-05 9.987879968818821341e-01 9.293423708982146536e+01
9.986046645490378459e-01 9.320865037578760642e-03 -5.198289115399337690e-02 -2.854925094919369410e+00 -9.268640689405239358e-03 9.999565384332577134e-01 1.245718183689376035e-03 -2.489370035433476236e+00 5.199228757113020377e-02 -7.621533853857036071e-04 9.986473014257515324e-01 9.377365353574170115e+01
9.984450385882196466e-01 9.905406613658065615e-03 -5.486137442567132205e-02 -2.906628272247257172e+00 -9.767953327922913875e-03 9.999487214414024550e-01 2.773135946609974790e-03 -2.510477984143903551e+00 5.488606833467474244e-02 -2.232924193879182520e-03 9.984902346587299915e-01 9.458154022693187812e+01
9.982741438008603252e-01 1.189945077289431170e-02 -5.751111907306084847e-02 -2.957352742729244532e+00 -1.170452467591824586e-02 9.999248403838406629e-01 3.725117212722982903e-03 -2.530540519145346945e+00 5.755115676653969892e-02 -3.045530877483340181e-03 9.983380215476153063e-01 9.536667648784145968e+01
9.980891082570315653e-01 1.394971233175473085e-02 -6.019918608884299027e-02 -3.011279867987972647e+00 -1.372500968766410777e-02 9.998975036065842481e-01 4.144628307266872563e-03 -2.552444117310948002e+00 6.025086372799146744e-02 -3.310456562877472312e-03 9.981778853320996125e-01 9.612180481151519018e+01
9.979101878581120300e-01 1.531040651609362827e-02 -6.277941076766246908e-02 -3.063049354999177964e+00 -1.513649216063473781e-02 9.998804590230498945e-01 3.245019177872154534e-03 -2.571545662912599006e+00 6.282161961323140531e-02 -2.287960236679718699e-03 9.980222588598388622e-01 9.685662027822378661e+01
9.977167564207299888e-01 1.698285874858466299e-02 -6.537020495225553951e-02 -3.120069547059758364e+00 -1.704782568673879686e-02 9.998548707530556801e-01 -4.360187255927998589e-04 -2.595376987478832387e+00 6.535334128316158675e-02 1.549458686118342565e-03 9.978610947830814926e-01 9.755249255573305334e+01
9.975081614175984601e-01 1.938730770177575849e-02 -6.783811614195797701e-02 -3.174790907229271930e+00 -1.971889224793368228e-02 9.997969442947223229e-01 -4.221516301713610503e-03 -2.616516568008373955e+00 6.774252600986740980e-02 5.548704296120478621e-03 9.976875208804949491e-01 9.821826395924942688e+01
9.973325914770792000e-01 2.130616501840976174e-02 -6.981520308078845161e-02 -3.225406353448844854e+00 -2.182992610877626527e-02 9.997392226159320661e-01 -6.747566837942115849e-03 -2.634055125708390843e+00 6.965325948764104769e-02 8.253643805981215539e-03 9.975372318678700223e-01 9.884532378559703147e+01
9.972297282984221578e-01 2.278906778550559079e-02 -7.080922291587200823e-02 -3.274872095866157462e+00 -2.340102817676950261e-02 9.996958342125329411e-01 -7.824700926902738995e-03 -2.655141055744341116e+00 7.060939156172187092e-02 9.460048849480770863e-03 9.974592988400131643e-01 9.944465384926576235e+01
9.972424997916667921e-01 2.470293262855656480e-02 -6.998274285716306331e-02 -3.323117232406299415e+00 -2.528380704548895477e-02 9.996530284244382614e-01 -7.426455800118273928e-03 -2.673836956999307013e+00 6.977502753519895795e-02 9.175425164396500827e-03 9.975206728682394219e-01 1.000273253667053126e+02
9.973526385892044210e-01 2.758493827701085158e-02 -6.728456285334032116e-02 -3.370453045761342636e+00 -2.804489347229009374e-02 9.995895504536502774e-01 -5.900781096315478071e-03 -2.693942358739770171e+00 6.709419495722544757e-02 7.772167793758842473e-03 9.977164924122279288e-01 1.005901110999225097e+02
9.976172927807702706e-01 3.032252012313929254e-02 -6.197350019311156227e-02 -3.408927067186413140e+00 -3.066134295241202193e-02 9.995199010316296873e-01 -4.523281595465418817e-03 -2.712257215059385107e+00 6.180661163143055803e-02 6.412716655344698376e-03 9.980676622105876250e-01 1.011286795613391973e+02
9.980264218182473002e-01 3.140283795264026123e-02 -5.438343956865821643e-02 -3.434824386999672630e+00 -3.159952591550127532e-02 9.994971055366261847e-01 -2.760335311684785232e-03 -2.730800269577907002e+00 5.426943307920656379e-02 4.473402084048197676e-03 9.985164278464253584e-01 1.016452362263046467e+02
9.985070126661432788e-01 3.098832091482237386e-02 -4.498787993871149887e-02 -3.455086110549788536e+00 -3.104208585755966268e-02 9.995182629052259404e-01 -4.968046542868848666e-04 -2.744034610493246262e+00 4.495084308387396060e-02 1.892604633101003684e-03 9.989875295214211137e-01 1.021373221149985824e+02
9.989930463409273376e-01 3.024275496351158318e-02 -3.314688031731214540e-02 -3.465104387323207469e+00 -3.024006716736895792e-02 9.995428040044547213e-01 5.825186365056425402e-04 -2.758612970226614891e+00 3.314937988387035156e-02 4.204534833988785372e-04 9.994504445709860851e-01 1.026110453725147806e+02
9.993614715523546632e-01 2.977902110960139667e-02 -1.975624999136791488e-02 -3.468777554936621765e+00 -2.977166884878488726e-02 9.995568129563199289e-01 6.662286230342406726e-04 -2.773339101632355863e+00 1.976737845351533851e-02 -7.760434475537322709e-05 9.998047297999996808e-01 1.030545480742461848e+02
9.995795613954802095e-01 2.865652904784608823e-02 -4.467772767935743704e-03 -3.463971280642639705e+00 -2.865784356333156771e-02 9.995895649349656464e-01 -2.299780237784141736e-04 -2.785398913227413065e+00 4.459399726401558003e-03 3.579368112481450459e-04 9.999901217679644239e-01 1.034943027589454374e+02
9.995366193866783711e-01 2.737095849356841262e-02 1.333581222820860203e-02 -3.446865514504791062e+00 -2.733032154974088940e-02 9.996215833666449724e-01 -3.220416212291845812e-03 -2.802673188569652751e+00 -1.341885253171585558e-02 2.854465634895293497e-03 9.999060220388458209e-01 1.039064695053707652e+02
9.990539719647619776e-01 2.666082185223112022e-02 3.436330328677159041e-02 -3.421958197470369001e+00 -2.642205331201709709e-02 9.996239184706274816e-01 -7.384184462006232116e-03 -2.814786801797191984e+00 -3.454717721598672686e-02 6.469262836184015188e-03 9.993822678500059453e-01 1.043186846776981724e+02
9.979343698716718336e-01 2.572601497546372212e-02 5.886970736504459206e-02 -3.377444611046815037e+00 -2.505394806870361868e-02 9.996128674151072424e-01 -1.212622784535961201e-02 -2.833261140009974088e+00 -5.915879154115723931e-02 1.062627287082529293e-02 9.981921642980895459e-01 1.047189399998617745e+02
9.960506982475211268e-01 2.310046840775898877e-02 8.573129043861929532e-02 -3.322987048356389916e+00 -2.189919082808346532e-02 9.996490668358442022e-01 -1.492647913720433067e-02 -2.847549972603348412e+00 -8.604591377005980923e-02 1.299009414544264641e-02 9.962066236247096862e-01 1.051087493975528417e+02
9.930935882206700649e-01 2.036605892744070695e-02 1.155457956619519999e-01 -3.251380027435047282e+00 -1.859406942032645199e-02 9.996930303489491854e-01 -1.639319944613808894e-02 -2.859368168356739126e+00 -1.158440758047528940e-01 1.413152391618224986e-02 9.931670202992466390e-01 1.055017139267239656e+02
9.888469649780086135e-01 1.774797218152026138e-02 1.478755687382723449e-01 -3.171589812762972915e+00 -1.519581006606094895e-02 9.997160739061425883e-01 -1.837092837875772822e-02 -2.874795971272539941e+00 -1.481594962553204331e-01 1.591895346672008577e-02 9.888354970655068854e-01 1.058684992068781838e+02
9.828888889734245238e-01 1.593474564701212112e-02 1.835102780579722648e-01 -3.070005826053162412e+00 -1.249252651571954205e-02 9.997242694489275605e-01 -1.989859428860375409e-02 -2.890505289218377794e+00 -1.837766048958831000e-01 1.726560560926340346e-02 9.828165428214191701e-01 1.062417323672365939e+02
9.750506064284938379e-01 1.207306501792368772e-02 2.216552849482210374e-01 -2.954750865548552596e+00 -7.688966161997549259e-03 9.997579029149573637e-01 -2.063123256744922585e-02 -2.907494017156025734e+00 -2.218505316446546527e-01 1.841220012886201143e-02 9.749069852001255310e-01 1.065876040310096329e+02
9.651455848796645087e-01 9.999125141984796517e-03 2.615234858394797635e-01 -2.820796606351950953e+00 -4.547143312138501696e-03 9.997600291460553290e-01 -2.144388996234612363e-02 -2.928125646102892166e+00 -2.616749530999806783e-01 1.950729457167858782e-02 9.649590578064092261e-01 1.069498208269389892e+02
9.528954351838161418e-01 1.053135460988774072e-02 3.031169765253766135e-01 -2.687667425479411065e+00 -3.928309068769794167e-03 9.997420156320203644e-01 -2.238535253013446136e-02 -2.949298089945940671e+00 -3.032743079459090940e-01 2.014016730753581327e-02 9.526905924814434989e-01 1.072710867559541583e+02
9.377345309825967368e-01 1.248906076135756875e-02 3.471289382211956154e-01 -2.532638515233681886e+00 -4.775693483499873944e-03 9.997228280810454004e-01 -2.306715455049756711e-02 -2.959916952787748023e+00 -3.473205701065325557e-01 1.997309111739032500e-02 9.375338885264024036e-01 1.075976838530667692e+02
9.201137162352535093e-01 1.235499079374066146e-02 3.914570725392481076e-01 -2.351270579815246897e+00 -4.014622605045556000e-03 9.997476396334940008e-01 -2.211729848015532574e-02 -2.978300812591478497e+00 -3.916312791033803586e-01 1.877888470031356671e-02 9.199307526706074212e-01 1.079292539875317374e+02
8.999801039063052288e-01 1.153927817854010114e-02 4.357788513368406891e-01 -2.175438680427783655e+00 -2.494396951267491714e-03 9.997698652834505761e-01 -2.132210581117524248e-02 -2.987147791068854641e+00 -4.359243156935245223e-01 1.810246950407811903e-02 8.998014162159888585e-01 1.082138239695663628e+02
8.771588131207724848e-01 1.014149197482441464e-02 4.800938739978377057e-01 -1.957592734196894391e+00 3.760490154113121366e-04 9.997624696698357294e-01 -2.180604237849682880e-02 -3.006075977679272260e+00 -4.802006699698639358e-01 1.930790136798573101e-02 8.769463025351291741e-01 1.085141358821130240e+02
