1.000000000000000000e+00 0.000000000000000000e+00 0.000000000000000000e+00 0.000000000000000000e+00 0.000000000000000000e+00 1.000000000000000000e+00 0.000000000000000000e+00 0.000000000000000000e+00 0.000000000000000000e+00 0.000000000000000000e+00 1.000000000000000000e+00 0.000000000000000000e+00
9.999999795691180138e-01 -1.248252948622543082e-04 -1.589981426800738491e-04 -3.660312342284769305e-03 1.248155449598445745e-04 9.999999903298980586e-01 -6.132930400135975222e-05 1.191642533950569008e-03 1.590057965910012644e-04 6.130945730852175820e-05 9.999999854791534748e-01 -5.922006942758729214e-03
9.999999619620356661e-01 -2.665801416539521169e-04 -7.078810176252137013e-05 -2.015660817743878807e-04 2.665772881569081036e-04 9.999999636555526594e-01 -4.031678096191184350e-05 3.859941794822536326e-03 7.079884684294678206e-05 4.029790892814194347e-05 9.999999966818009511e-01 -1.325419676504794447e-03
9.999999473881279188e-01 -3.235233898214913699e-04 2.358723578029556947e-05 1.037974938143001753e-03 3.235219091227198762e-04 9.999999456978639900e-01 6.275223885514343946e-05 4.529903664148739531e-03 -2.360753631649158631e-05 -6.274460456608010775e-05 9.999999977528993833e-01 -4.668266574741112250e-04
9.999999410678224177e-01 -2.992713030547150457e-04 -1.682291261358531643e-04 -1.280302518590399445e-03 2.992724333247307562e-04 9.999999551956028077e-01 6.693501510270821130e-06 8.506785680250693663e-04 1.682271154255296085e-04 -6.743847455742971144e-06 9.999999858270789410e-01 -1.607625037329004801e-03
9.999998100529714495e-01 -5.738041375771984641e-04 -2.250396248493587354e-04 -5.795197169616919664e-03 5.737856575238334993e-04 9.999998320086239678e-01 -8.217507521845486941e-05 -8.175636782368182623e-05 2.250867394428085716e-04 8.204593510043040180e-05 9.999999713022117431e-01 -1.304610584399269963e-03
9.999990882748163168e-01 -1.337244258880427748e-03 -1.876894461736865096e-04 -4.611655196818672565e-03 1.337223211751949322e-03 9.999990996201083560e-01 -1.122187802527452961e-04 2.566403962196994043e-03 1.878393411015148197e-04 1.119676952560329420e-04 9.999999760898082846e-01 1.016007121171715651e-03
9.999970422389590219e-01 -2.416328167684680516e-03 -2.772571363120123421e-04 1.409178115692744787e-02 2.416322545315418516e-03 9.999970804759952259e-01 -2.061171783024048286e-05 1.040522491806384828e-02 2.773061315275249868e-04 1.994171419638419323e-05 9.999999613518180119e-01 -1.553116732771708548e-03
9.999924512383614461e-01 -3.871550105327463409e-03 -3.294936649340079581e-04 4.602350376119811876e-02 3.871559973540238120e-03 9.999925050538531757e-01 2.931707021256971352e-05 2.273025164126683123e-02 3.293776928904642437e-04 -3.059250338968831938e-05 9.999999452872155858e-01 -1.374221867210553467e-06
9.999803272964150613e-01 -6.268832611352197388e-03 -2.162356249953507534e-04 7.479990195292382515e-02 6.268818261734063028e-03 9.999803485228788702e-01 -6.697509250878375673e-05 3.236335347170212623e-02 2.166512312899807893e-04 6.561823309283292547e-05 9.999999743782453931e-01 4.545121861269237409e-03
9.999464307330370172e-01 -1.034979288469519559e-02 -1.321041391852195777e-04 1.167153395210245165e-01 1.034977960082154869e-02 9.999464345114469355e-01 -1.008467099036976922e-04 3.568897756815627570e-02 1.331408055230704629e-04 9.947405889444923025e-05 9.999999861892187036e-01 6.356870045206783337e-03
9.998919553973131258e-01 -1.469893719173698786e-02 -1.370298174262111568e-04 1.710703970154573983e-01 1.469891609218004248e-02 9.998919532787452491e-01 -1.537339606224632485e-04 3.810447002713077125e-02 1.392747376351506823e-04 1.517031607092937130e-04 9.999999787943489871e-01 6.823579680348862940e-03
9.998172726065343019e-01 -1.911551344393718627e-02 -1.361741743013970200e-04 2.257643647139606913e-01 1.911550744053086559e-02 9.998172809706387110e-01 -4.525229187494475211e-05 3.913634686197508400e-02 1.370143134821490659e-04 4.264098459953559526e-05 9.999999897044120623e-01 4.376699782288347553e-04
9.997126632676236468e-01 -2.397062554003078633e-02 3.684357080881853612e-06 2.933922749718639866e-01 2.397062496461796477e-02 9.997126567897929306e-01 1.139872765639955731e-04 4.445583019377214590e-02 -6.415644728734148522e-06 -1.138662074905936463e-04 9.999999934966631310e-01 -6.229871007472742583e-03
9.995711231254499340e-01 -2.928165439774453593e-02 3.931023500873198021e-04 3.692419110606778854e-01 2.928165420333778829e-02 9.995712004094754466e-01 6.251113730380088884e-06 4.085221643056831387e-02 -3.931168309124220871e-04 5.262254309515383717e-06 9.999999227157300163e-01 -8.285317751312512580e-03
9.993612656714140341e-01 -3.573018277211462146e-02 6.439834629837789095e-04 4.426111649529058112e-01 3.573032507169418559e-02 9.993614458346526952e-01 -2.108306040422736505e-04 3.655942153480933043e-02 -6.360392286446900139e-04 2.337056777711611210e-04 9.999997704178515967e-01 2.738112827770028748e-03
9.990979010448526321e-01 -4.246100999597385989e-02 6.683995000961149863e-04 5.184766291960831719e-01 4.246109718812943884e-02 9.990981140928894000e-01 -1.167973117859847661e-04 4.937038368729318449e-02 -6.628373481834110275e-04 1.450729251871368862e-04 9.999997698002216495e-01 7.000525793860123101e-03
9.987918612428032805e-01 -4.913237708127015518e-02 9.096359055271399261e-04 5.976793656516312669e-01 4.913232602704959567e-02 9.987922748962684283e-01 7.840094873882848768e-05 6.822802435247457553e-02 -9.123893403857446507e-04 -3.361370163778619274e-05 9.999995832078184543e-01 -3.866635527276595860e-03
9.984198691165104833e-01 -5.618008661226679690e-02 1.250128636708199492e-03 6.816010958767305672e-01 5.617991204625409629e-02 9.984206463638701790e-01 1.743468577088836270e-04 8.781156915637709781e-02 -1.257949063066846193e-03 -1.038392499978082957e-04 9.999992033904651079e-01 -1.170963329715052868e-02
9.979899862710398528e-01 -6.336270733745696937e-02 1.074533199763288939e-03 7.792773528703548225e-01 6.336261095283612921e-02 9.979905632174690400e-01 1.235399466563678352e-04 9.878183327275216752e-02 -1.080201818712106391e-03 -5.520640057500611448e-05 9.999994150579709640e-01 -8.209811076028116980e-03
9.974693424160004929e-01 -7.108819645798568343e-02 1.174420939224672016e-03 8.621650027770187963e-01 7.108812974426263753e-02 9.974700336883562946e-01 9.850488410247921860e-05 1.127807844084282585e-01 -1.178452228365892791e-03 -1.476821386848203822e-05 9.999993055158814537e-01 -2.694913746992056054e-03
9.968596594089476071e-01 -7.917049826915142918e-02 1.688681998262898378e-03 9.701171082725240646e-01 7.917003120939614114e-02 9.968610682316123572e-01 3.417637077407374084e-04 1.367385702507072365e-01 -1.710438943723993589e-03 -2.069974467915515069e-04 9.999985157742369291e-01 -5.385517786687914719e-03
9.961800879329636427e-01 -8.719235788488401140e-02 4.767088455975344342e-03 1.078066043655833139e+00 8.718673758612703606e-02 9.961910373335476354e-01 1.374745575794983658e-03 1.581199058927399981e-01 -4.868798102264234977e-03 -9.538672783199217495e-04 9.999876923953887609e-01 -3.430635853570552368e-03
9.954511066256970242e-01 -9.496860479871706284e-02 7.619607618525451806e-03 1.182650946417488136e+00 9.495311678794139676e-02 9.954789240225225821e-01 2.370113755964870644e-03 1.757416301674740167e-01 -7.810245190181763081e-03 -1.635826869123882185e-03 9.999681615634187226e-01 -5.478484878796989650e-04
9.947094319487060909e-01 -1.024318585801756165e-01 7.801303743179256733e-03 1.308254722919972357e+00 1.024169672392844510e-01 9.947389299912769989e-01 2.286040532572356041e-03 1.876858075955339378e-01 -7.994423918568079740e-03 -1.474960209677868804e-03 9.999669562933517497e-01 -8.154231189447826850e-03
9.937768356572667106e-01 -1.111987883778404185e-01 6.513860171212422501e-03 1.447092545707737932e+00 1.111934461420565068e-01 9.937980833335227082e-01 1.177751107106699262e-03 1.992990127258667532e-01 -6.604426249374403118e-03 -4.461232082877427773e-04 9.999780910239981502e-01 -1.540132063334619800e-02
9.924994672464622081e-01 -1.220907929471896775e-01 6.216574057724716384e-03 1.583697677566309636e+00 1.220973889839118837e-01 9.925178837599799575e-01 -6.913898481897004858e-04 2.087419399123885133e-01 -6.085648593209008750e-03 1.445231516861200053e-03 9.999804379021934864e-01 -1.884814902620239943e-02
9.908754469501628304e-01 -1.343933784990720415e-01 1.021119223793793933e-02 1.694014416959154889e+00 1.344211508730447646e-01 9.909221080572769846e-01 -2.080855902858339251e-03 2.411576167590035735e-01 -9.838842883240698015e-03 3.434469235193161277e-03 9.999456993216139233e-01 -7.848069383600275728e-03
9.888522085494907410e-01 -1.480279629489894277e-01 1.609446588014061888e-02 1.813402668766514569e+00 1.480803225992775307e-01 9.889730969276577799e-01 -2.105139475539031559e-03 2.945056154770746004e-01 -1.560537425659164375e-02 4.464945519285775516e-03 9.998682596001442491e-01 1.718588842185626853e-02
9.861158368855098555e-01 -1.650423992316694954e-01 1.834564524470978092e-02 1.971842517491906088e+00 1.651084770796666656e-01 9.862730979751908045e-01 -2.137055650407455442e-03 3.363548953547604303e-01 -1.774111157801890049e-02 5.136405968570314368e-03 9.998294205981850258e-01 3.302240951425033932e-02
9.824851854491460923e-01 -1.856127746477063412e-01 1.645473368173340500e-02 2.133511896053985168e+00 1.856694508638112862e-01 9.826102800601593801e-01 -1.972951095698041637e-03 3.781903001521910168e-01 -1.580238554420665409e-02 4.993536589936686115e-03 9.998626651712909652e-01 2.064583551250611521e-02
9.777369905268662453e-01 -2.093277059531098716e-01 1.457013643982035117e-02 2.278986486119660704e+00 2.093857756609760756e-01 9.778297511613410764e-01 -2.564116729229137109e-03 4.191834958807683087e-01 -1.371037221661079719e-02 5.557811094134125149e-03 9.998905622264487869e-01 -7.229457314150231767e-03
9.715059403096498736e-01 -2.365946774200110292e-01 1.411263829281820918e-02 2.420493822659341099e+00 2.366574012393740378e-01 9.715887461082083343e-01 -2.929654332081942959e-03 4.843133193323482799e-01 -1.301853992154686397e-02 6.186036889681141050e-03 9.998961198874164458e-01 -8.443785695738385833e-03
9.633731267079653771e-01 -2.677560019447191020e-01 1.479669420844151838e-02 2.574471723835301873e+00 2.678279242749918576e-01 9.634618486992297948e-01 -3.077186964061818207e-03 5.688702590933985004e-01 -1.343211507796865205e-02 6.927447123011910325e-03 9.998857878582383396e-01 7.438475927424255396e-03
9.532332815862075703e-01 -3.018096971740436563e-01 1.603800386899863900e-02 2.746639206893786600e+00 3.018934790336445517e-01 9.533368460174718173e-01 -3.030732984227735294e-03 6.506166521522838142e-01 -1.437491542070201515e-02 7.730764332934014771e-03 9.998667896722424064e-01 7.385940841657432678e-03
9.410101446496298427e-01 -3.378698095192772533e-01 1.854452700637329240e-02 2.938700100838172347e+00 3.380841974752876178e-01 9.410637778890129646e-01 -9.901583850537317918e-03 7.406053143618102075e-01 -1.410613639426228257e-02 1.558710238196307253e-02 9.997790051583202997e-01 -6.279172293185919518e-02
9.269339932605848986e-01 -3.742160074797900582e-01 2.749094185130490642e-02 3.127790977582820098e+00 3.748279381397995880e-01 9.268332133690952990e-01 -2.200480369791455934e-02 8.300942169908929191e-01 -1.724496818937776288e-02 3.070137361426896264e-02 9.993798260573125702e-01 -3.072499738703364514e-02
9.113073972776335463e-01 -4.103770092909294065e-01 3.330972699524609171e-02 3.308467879535911926e+00 4.112322842635487974e-01 9.111928871831279642e-01 -2.480989170188237919e-02 9.402829523147075985e-01 -2.017017715462973010e-02 3.630747295403263797e-02 9.991370933767012019e-01 8.896957407609866475e-02
8.930715604187577927e-01 -4.489860250777127360e-01 2.889181988246118660e-02 3.512960645466545184e+00 4.494929693619381106e-01 8.931725774060756962e-01 -1.410026467749760266e-02 1.112888530137784215e+00 -1.947455944027664046e-02 2.557921528708803280e-02 9.994830890414824198e-01 1.842325277979649234e-01
8.705439639203225166e-01 -4.918613730566980258e-01 1.501987272489555686e-02 3.705532641775828306e+00 4.916820863027965838e-01 8.706594378725311945e-01 1.417283501694090349e-02 1.323653945942250720e+00 -2.004826403511312735e-02 -4.953073618257367722e-03 9.997867443464684145e-01 7.751332088140666654e-02
8.446289835067852803e-01 -5.353427271502226859e-01 3.169338678144572024e-03 3.862312631632856874e+00 5.349845789624869674e-01 8.442536671283051852e-01 3.205067569863904314e-02 1.494649188889167535e+00 -1.983382193691192105e-02 -2.537538231773042371e-02 9.994812201735477908e-01 -2.499323218251145728e-01
8.156790949223200471e-01 -5.785045104262365179e-01 3.814750388391374616e-04 4.037830046745080281e+00 5.783563670408691237e-01 8.154847898776385051e-01 2.210136153071218246e-02 1.649921731811932135e+00 -1.309682442396920520e-02 -1.780699005234251744e-02 9.997556622971852658e-01 -3.405701217394410674e-01
7.842844650990166144e-01 -6.203274692363393017e-01 9.576466738202478804e-03 4.253049750899720038e+00 6.203790473779969838e-01 7.842937751418530556e-01 -3.621028598281903280e-03 1.827548577979213995e+00 -5.264539744220584835e-03 8.780955789604891898e-03 9.999475883448604163e-01 -8.357588589492809250e-02
7.508146108899979021e-01 -6.602022653165775523e-01 2.025805876584674953e-02 4.460230077625698009e+00 6.605026361676078483e-01 7.506214153670616174e-01 -1.742866627111346392e-02 2.062120401778154033e+00 -3.699687789773259058e-03 2.646619850315777567e-02 9.996428625499457210e-01 2.460442810151653448e-01
7.138439891779753133e-01 -7.000721431403279515e-01 1.804864297898662456e-02 4.652457220148387584e+00 7.002818403752114618e-01 7.137920351652186080e-01 -1.030895607723402232e-02 2.324176959481257132e+00 -5.665964629412569703e-03 1.999812325203315783e-02 9.997839626195325069e-01 2.743793493716219500e-01
6.730300855984374664e-01 -7.396032885582867200e-01 4.180841198568036390e-03 4.836168059471079417e+00 7.396044010576893202e-01 6.730400043862827530e-01 1.575573485791153866e-03 2.586355754948213459e+00 -3.979172710078963081e-03 2.031760192575576655e-03 9.999900190177216652e-01 -3.706019312264763332e-02
6.278858859798944758e-01 -7.782971268966207834e-01 -3.591163002219566625e-03 5.007838171348316436e+00 7.782723843792567209e-01 6.278950648262295875e-01 -6.315321012535833091e-03 2.855849562954072773e+00 7.170069725566708546e-03 1.170397936771514196e-03 9.999736097861783302e-01 -3.284772708626891857e-01
5.803851437412046455e-01 -8.143419529165297766e-01 5.183093609976705592e-04 5.155111547409804373e+00 8.141900336351882705e-01 5.802643348255588363e-01 -1.969494500075736482e-02 3.117022059711235915e+00 1.573766353790722813e-02 1.185265580130380816e-02 9.998059014112806731e-01 -1.510027922883969698e-01
5.338702635079383141e-01 -8.455092044761306491e-01 9.834982872646256397e-03 5.299553768713992419e+00 8.454855535692947788e-01 5.336222666000516313e-01 -2.003634932433081065e-02 3.419383989919782874e+00 1.169275192534661827e-02 1.901214703194144956e-02 9.997508778779081728e-01 1.389771035997865445e-01
4.877633629842124674e-01 -8.728935778167626891e-01 1.198764099323239296e-02 5.452314556152972003e+00 8.729725605999097970e-01 4.876775977809409413e-01 -9.458808711868296054e-03 3.789930190986394276e+00 2.410429415747174491e-03 1.507854200053977169e-02 9.998834069036097727e-01 1.997119679535564463e-01
4.400005234245186747e-01 -8.979868199107953197e-01 4.382995852910921350e-03 5.589245023763732334e+00 8.979974085524436989e-01 4.399976211962568495e-01 -1.657580987739747493e-03 4.177791057383710260e+00 -4.400218690688547708e-04 4.665255419834133700e-03 9.999890208260401314e-01 -4.253149377025809350e-03
3.905264484828180338e-01 -9.205709928505662054e-01 -6.175771815698566022e-03 5.689457815433859977e+00 9.205737317250467511e-01 3.905519584044185866e-01 -3.629358661642931912e-03 4.533366923071280752e+00 5.753042083839323383e-03 -4.267892758258231070e-03 9.999743434699640554e-01 -1.066657340808437326e-01
3.420093845251962472e-01 -9.394679023336892643e-01 -2.072779248820593237e-02 5.741176431747220477e+00 9.395247634481601606e-01 3.422854081684776340e-01 -1.157230411877585748e-02 4.880794002801122744e+00 1.796662918789094024e-02 -1.551643772508330514e-02 9.997181804868552346e-01 -7.706102962509477072e-02
2.954877619554218682e-01 -9.550213590162975885e-01 -2.492361043750126320e-02 5.805361718754949329e+00 9.550585512125676635e-01 2.959386621849239840e-01 -1.683662614508118008e-02 5.270093467424737277e+00 2.345519751201708900e-02 -1.882849029693619766e-02 9.995475684842669573e-01 -3.467558020694283538e-02
2.525367028870023067e-01 -9.674172298993172214e-01 -1.814158176383111679e-02 5.892366617909932991e+00 9.674597282208164950e-01 2.527634872562505852e-01 -1.150190336263309104e-02 5.679533708556006033e+00 1.571266896061850049e-02 -1.464659701060748269e-02 9.997692679964427231e-01 -9.709726196492100489e-03
2.131978138078690355e-01 -9.769819610982684033e-01 -7.275979392975033717e-03 5.987148095390788960e+00 9.769884889960738228e-01 2.132357338018465442e-01 -4.900428466664823179e-03 6.082337334174310328e+00 6.339129018572124512e-03 -6.063787477294459334e-03 9.999615222220883393e-01 9.544957968705950271e-03
1.756306125607713930e-01 -9.844548969299996566e-01 -1.563279268792704558e-03 6.057099718716564496e+00 9.844502369453468349e-01 1.756348366046434073e-01 -3.183574894856211045e-03 6.521791118391412567e+00 3.408652193926438572e-03 -9.798374376580353592e-04 9.999937104846292613e-01 4.483711625308627741e-02
1.383077490271511778e-01 -9.903813511569233841e-01 -3.968102774520099359e-03 6.087726076189293956e+00 9.903714020695951747e-01 1.383282270659092206e-01 -5.457798045573336587e-03 6.955503971101728133e+00 5.954202024331217181e-03 -3.175039746029687405e-03 9.999772330412650678e-01 7.474582837993652695e-02
1.051785015273350998e-01 -9.943791320402249889e-01 -1.215008557143004188e-02 6.080228020241446707e+00 9.944218738599873708e-01 1.052645434127785773e-01 -6.671783036813139049e-03 7.364750395820969686e+00 7.913255035409717808e-03 -1.138058271917316393e-02 9.999039267508237350e-01 5.296186151904132278e-02
7.815662723322092109e-02 -9.967679970302587567e-01 -1.857691351687799919e-02 6.097444769622469174e+00 9.969183903042049266e-01 7.826702956800923872e-02 -5.291044875399919176e-03 7.803191895643816878e+00 6.727904042157435358e-03 -1.810613649806556286e-02 9.998134341607503028e-01 -7.548422108407578865e-03
5.691637204571386999e-02 -9.982017959374813731e-01 -1.880694500287932378e-02 6.113293127729749088e+00 9.983717642616445342e-01 5.697733039395791454e-02 -2.721056094581082458e-03 8.294879236448592152e+00 3.787732599587520944e-03 -1.862145022185990664e-02 9.998194310341186331e-01 -2.802413185144314589e-02
4.007072317168585557e-02 -9.990743757790867541e-01 -1.564381047336788413e-02 6.138206401970379034e+00 9.991955713131606132e-01 4.009076928157877945e-02 -9.697868724735792109e-04 8.805233897019476785e+00 1.596061610627833851e-03 -1.559236608214920050e-02 9.998771578085456913e-01 -1.177627893811170751e-02
2.463317354273462587e-02 -9.996380110758520399e-01 -1.081912998021349395e-02 6.164819232742090982e+00 9.996957541808890735e-01 2.464542962374536780e-02 -1.000935245036719753e-03 9.325540955027184609e+00 1.267215024081734141e-03 -1.079118209355456499e-02 9.999409705353143885e-01 3.656063234621578090e-02
8.337840931558242880e-03 -9.999340370012912427e-01 -7.899497129607363152e-03 6.145908962179999158e+00 9.999632950379575558e-01 8.353143841550097343e-03 -1.906191174358775036e-03 9.824135643098625081e+00 1.972051072072324510e-03 -7.883313660068122855e-03 9.999669816450471593e-01 7.639937395745016735e-02
-7.178665556138774662e-03 -9.999344138201625709e-01 -8.923834319459049771e-03 6.130885303844296530e+00 9.999702214682945067e-01 -7.153073026191281159e-03 -2.896501843955140258e-03 1.032650228787377600e+01 2.832479034903581053e-03 -8.944361598796326390e-03 9.999559867604708163e-01 8.175730064026620614e-02
-1.964322219499403666e-02 -9.997294204168361009e-01 -1.245912415924270086e-02 6.110743794080920388e+00 9.997954654336733693e-01 -1.958147241591667864e-02 -5.058975814273569856e-03 1.083566772699442460e+01 4.813638962655818199e-03 -1.255595042368485431e-02 9.999095844069578742e-01 4.682040027767404855e-02
-2.698642045219444216e-02 -9.995131125200860112e-01 -1.566113059736450736e-02 6.076998533616857934e+00 9.996186270488160996e-01 -2.689081174510597402e-02 -6.283685282518515318e-03 1.137457286178273286e+01 5.859485320217491626e-03 -1.582473203879301848e-02 9.998576120066710038e-01 1.100168846565626260e-02
-3.032091635815858596e-02 -9.994001805671964833e-01 -1.673084317830803719e-02 6.048846292394248536e+00 9.995219877862165925e-01 -3.021502879866177702e-02 -6.545835820324547721e-03 1.195559076032408896e+01 6.036386592337107670e-03 -1.692132137132421055e-02 9.998386024353911328e-01 1.438778577329237127e-02
-3.131531394354088865e-02 -9.993768668358488094e-01 -1.628585723810762817e-02 6.046212208932531418e+00 9.994934506738449853e-01 -3.121815714679106873e-02 -6.186172035182334675e-03 1.253660652738277292e+01 5.673902775698624890e-03 -1.647132956748829230e-02 9.998482395491683494e-01 4.461797176103370760e-02
-3.092738388488723220e-02 -9.994112825405566669e-01 -1.485211286910570819e-02 6.037530459114910819e+00 9.995015634541423166e-01 -3.082918268451449381e-02 -6.796039120699511396e-03 1.311281813909368843e+01 6.334159672921410231e-03 -1.505489374405112601e-02 9.998666054007371295e-01 6.075784330886834644e-02
-2.977353171730337880e-02 -9.994670135639959208e-01 -1.338751681776917217e-02 6.016093306679216823e+00 9.995336963487507775e-01 -2.967937023323033788e-02 -7.178080938694000879e-03 1.370771372223379991e+01 6.776922050778969898e-03 -1.359499099029345959e-02 9.998846181172563741e-01 6.473981201284267906e-02
-2.671972990324403274e-02 -9.995630324108868425e-01 -1.264121321117763451e-02 5.974978850341011061e+00 9.996180353233623528e-01 -2.662762005687582811e-02 -7.399547713764280561e-03 1.429248368370469358e+01 7.059708928794072511e-03 -1.283409863057906330e-02 9.998927174563185805e-01 6.932237684796095645e-02
-2.187934511206299573e-02 -9.996773388275660421e-01 -1.290397195065846186e-02 5.955309906695219979e+00 9.997429752943080006e-01 -2.180045669926409038e-02 -6.222815872962198652e-03 1.491896127474862865e+01 5.939495530137940855e-03 -1.303680644711894231e-02 9.998973767694901982e-01 7.780491101294428891e-02
-1.667379360139387146e-02 -9.997631054738221890e-01 -1.398990851567396068e-02 5.977753945205463992e+00 9.998563695582033395e-01 -1.662958186561991347e-02 -3.270666730807965557e-03 1.558270174971500666e+01 3.037245598808550537e-03 -1.404243356094159872e-02 9.998967872729960238e-01 7.232839950775774018e-02
-1.263041127348673437e-02 -9.998258575524242575e-01 -1.373780479634539864e-02 5.982983625641336900e+00 9.999201114919685773e-01 -1.262243969736797505e-02 -6.668207974649346254e-04 1.625629222971037890e+01 4.933000630430910485e-04 -1.374512952453428409e-02 9.999054095610252491e-01 4.509206191426810839e-02
-9.051036574307939897e-03 -9.998813920911460151e-01 -1.246115912759941657e-02 5.969332785809365660e+00 9.999587948170345353e-01 -9.059031954781630869e-03 5.853273504366969830e-04 1.689428335664123537e+01 -6.981439647142034062e-04 -1.245534784400085040e-02 9.999221854249906727e-01 6.384320686927447142e-02
-4.999281046869864277e-03 -9.999194091224213876e-01 -1.166972361637171572e-02 5.955147399509288952e+00 9.999867617990690905e-01 -5.013150471182004943e-03 1.159546879436869696e-03 1.753664080317908969e+01 -1.217955510982239326e-03 -1.166377222948834433e-02 9.999312341365039769e-01 8.506782775842811062e-02
-7.919140566026859791e-04 -9.999263442102718225e-01 -1.211111169167011781e-02 5.954525943135925203e+00 9.999990508564530201e-01 -8.055102335827324248e-04 1.117783278053743673e-03 1.822271289876146483e+01 -1.127456571251356536e-03 -1.211021500819648225e-02 9.999260330315113965e-01 1.018977981878720629e-01
3.487435065856818363e-03 -9.998977029457178922e-01 -1.387160555013316511e-02 5.956596991595094259e+00 9.999929204098672031e-01 3.467493461917896171e-03 1.461375802649380554e-03 1.890846047819071529e+01 -1.413126606658178996e-03 -1.387660379806994297e-02 9.999027167380959424e-01 8.586899203937808922e-02
7.953026481544049620e-03 -9.998517660312615796e-01 -1.527073455833782845e-02 5.960790553030894223e+00 9.999668499739344796e-01 7.925423398452362267e-03 1.867248553882636325e-03 1.959795753268556240e+01 -1.745944727238669166e-03 -1.528507861028583284e-02 9.998816520213213987e-01 5.799684319338071353e-02
1.104246174026377904e-02 -9.998303531226516716e-01 -1.474208307358309926e-02 5.983863314672055900e+00 9.999366435808360043e-01 1.100902446840544037e-02 2.347382488266838273e-03 2.031535802023901027e+01 -2.184688308885419147e-03 -1.476706994930498951e-02 9.998885741831963214e-01 5.110016687619103881e-02
1.268609439390628625e-02 -9.998416245019325910e-01 -1.248154326858807485e-02 6.001487092640584997e+00 9.999158373993839444e-01 1.265114359562220271e-02 2.875184100561090517e-03 2.105404383679601921e+01 -2.716822945661246172e-03 -1.251696764634646457e-02 9.999179688324548732e-01 7.608722982668997270e-02
1.314435817883488275e-02 -9.998623777666345580e-01 -1.012182665919361332e-02 5.996221967140990650e+00 9.999095600271893369e-01 1.311482353255491104e-02 2.978786656167631709e-03 2.179514343338506066e+01 -2.845630738432853527e-03 -1.016006548021276129e-02 9.999443361783386663e-01 1.054002131828052774e-01
1.306305479503454443e-02 -9.998595371190087677e-01 -1.050060148677042088e-02 5.993627902683254405e+00 9.999114257415314677e-01 1.303552169326481665e-02 2.686232626359410288e-03 2.253170249456160334e+01 -2.548974491912570865e-03 -1.053476180777059533e-02 9.999412590360960973e-01 1.007837854104517428e-01
1.345420229984837547e-02 -9.998409372423997521e-01 -1.170831562244589383e-02 5.993402968383930940e+00 9.999074960825025116e-01 1.342987996070808300e-02 2.153509289867111282e-03 2.327976635636659353e+01 -1.995925473389413562e-03 -1.173620630702399206e-02 9.999291363606841454e-01 7.415640235597900642e-02
1.409618488382131246e-02 -9.998254544916121977e-01 -1.226206028213673929e-02 6.023100409404389843e+00 9.999000286378797453e-01 1.408151256957097114e-02 1.282081791751812569e-03 2.405014611161184135e+01 -1.109189654141927916e-03 -1.227890688924064728e-02 9.999239961836682289e-01 6.624677637467372981e-02
1.386194468929761135e-02 -9.998326146574556539e-01 -1.194107016422620536e-02 6.035487380656826772e+00 9.999038339442836154e-01 1.385604001349630653e-02 5.770776961490206493e-04 2.484298042949649243e+01 -4.115251558016881075e-04 -1.194792125771292415e-02 9.999285363588068520e-01 7.521956325485398831e-02
1.337878958249397003e-02 -9.998451070625520298e-01 -1.143546555159597952e-02 6.034180706781715031e+00 9.999100707446877401e-01 1.336731196321141839e-02 1.079534266311503931e-03 2.562183188354748964e+01 -9.265056186051754327e-04 -1.144888003049084751e-02 9.999340301906851636e-01 8.647752531421121214e-02
1.236515402416062462e-02 -9.998659431419681942e-01 -1.073306623392304530e-02 6.044902731613558622e+00 9.999217686477123168e-01 1.234416673388129618e-02 2.019438554995852363e-03 2.641782661454157122e+01 -1.886677076250840726e-03 -1.075719724041222271e-02 9.999403598000936588e-01 8.814838294667250163e-02
1.060322650084534295e-02 -9.999028847474856763e-01 -9.043929534718438829e-03 6.057456683095357342e+00 9.999385703494264588e-01 1.057353044904164700e-02 3.325053591908910030e-03 2.724173443163391894e+01 -3.229104414175371085e-03 -9.078630265649766801e-03 9.999535746009321491e-01 8.210636446869810923e-02
8.099927875581596631e-03 -9.999417779922121774e-01 -7.129641939418150838e-03 6.061678362533934106e+00 9.999606785713475166e-01 8.073929138192863925e-03 3.667830339875111957e-03 2.806004414327629348e+01 -3.610052567628947197e-03 -7.159070752924170077e-03 9.999678570966237245e-01 9.380573376264918217e-02
4.078135477699778265e-03 -9.999744589003534134e-01 -5.869442730854212975e-03 6.063100770765489145e+00 9.999848725063853472e-01 4.056372906129506427e-03 3.714915508383201913e-03 2.886108436593147530e+01 -3.691011976888507705e-03 -5.884503869628176891e-03 9.999758742313710203e-01 9.465729136566079782e-02
-2.201009525089421190e-04 -9.999828087148207034e-01 -5.859507691681998913e-03 6.059782798585694685e+00 9.999876495829261858e-01 -2.491875154256113149e-04 4.963727147716769615e-03 2.969561033622628088e+01 -4.965101931031128471e-03 -5.858342803244952213e-03 9.999705133564760207e-01 9.762323535892920845e-02
-4.331303978922429986e-03 -9.999748653788531616e-01 -5.613235821402093317e-03 6.068610036289974197e+00 9.999657072433283389e-01 -4.370750290066594511e-03 7.034264656112434490e-03 3.054525258093681828e+01 -7.058621904629862505e-03 -5.582575789578116641e-03 9.999595045322391407e-01 9.782386065387599361e-02
-8.971573592709185599e-03 -9.999538618493610809e-01 -3.432934578437115813e-03 6.070013713259450938e+00 9.999251971394393923e-01 -8.999751997194065448e-03 8.282788759987752547e-03 3.139508627002924612e+01 -8.313302167260758907e-03 -3.358368136197438340e-03 9.999598043774247103e-01 9.312292413855412232e-02
-1.491917698583466144e-02 -9.998886577396415287e-01 -3.004691062663440715e-04 6.044237454027571843e+00 9.998642313009125093e-01 -1.492091357749469015e-02 6.991802560774716679e-03 3.224766882006824886e+01 -6.995507351240925001e-03 -1.961163721124610472e-04 9.999755119078003185e-01 8.306094882981773786e-02
-2.104579825453270145e-02 -9.997777713499595986e-01 1.217493465126415078e-03 6.024649247365072569e+00 9.997670126115465461e-01 -2.103969973915023259e-02 4.821983893636892955e-03 3.308390630955035761e+01 -4.795296613725057860e-03 1.318692304715602358e-03 9.999876330140248237e-01 1.024464835949042973e-01
-2.676649702520610477e-02 -9.996413878109174922e-01 8.064815328226511860e-04 6.004152335589564515e+00 9.996367709604853102e-01 -2.676381909416274477e-02 3.166090837176276096e-03 3.394552648380821580e+01 -3.143370912563074084e-03 8.909337562849088329e-04 9.999946627139306710e-01 9.655187770688548887e-02
-3.152688786161118167e-02 -9.995023011148981285e-01 -1.097910645275597613e-03 5.974000821532201577e+00 9.994993113100832938e-01 -3.152970076763728785e-02 2.646631854343223320e-03 3.481797557173974411e+01 -2.679931422735184077e-03 -1.013920868150122072e-03 9.999958949575955547e-01 8.034856601064163661e-02
-3.497376534355291916e-02 -9.993867382658030429e-01 -1.727169978287557703e-03 5.954389059384958216e+00 9.993815972454367369e-01 -3.497977776327523131e-02 3.583048254199426401e-03 3.568432689949271008e+01 -3.641266929813242667e-03 -1.600789202758388669e-03 9.999920892932474548e-01 7.443733407319974571e-02
-3.759456910713580846e-02 -9.992914036521188814e-01 -1.827282306317461148e-03 5.913890820393914005e+00 9.992808664258189255e-01 -3.760308556238305122e-02 4.874212905976579510e-03 3.654861612700588580e+01 -4.939470509423692091e-03 -1.642724312324850581e-03 9.999864514521785708e-01 9.453438551823251101e-02
-3.906749530584934654e-02 -9.992304100605468031e-01 -3.509760783759952561e-03 5.868488139772623846e+00 9.992235112669044517e-01 -3.908470356587716993e-02 4.975990213657285888e-03 3.741491239285301873e+01 -5.109338701470436152e-03 -3.312636019741494343e-03 9.999814603784583644e-01 1.159646114273824719e-01
-3.882773993475120700e-02 -9.992316715643960734e-01 -5.336024192495934099e-03 5.843682075082086591e+00 9.992383078082267556e-01 -3.884773305578283209e-02 3.695652172313221209e-03 3.830977259649917954e+01 -3.900105141070409325e-03 -5.188465963097520749e-03 9.999789342785369017e-01 1.045366054571034986e-01
-3.891148826446323705e-02 -9.992150429555846092e-01 -7.429267279776704223e-03 5.806685844190258017e+00 9.992420738983154305e-01 -3.891845124631944375e-02 7.949238843149600232e-04 3.919719781832331762e+01 -1.083435479636057431e-03 -7.392704772793305852e-03 9.999720866522744389e-01 8.478896275209746314e-02
-3.969393974534080743e-02 -9.991767182923290136e-01 -8.383124123223619287e-03 5.762995671398829955e+00 9.992114264482383490e-01 -3.968448678362785503e-02 -1.291032144191433867e-03 4.007892338046077896e+01 9.572892825695263194e-04 -8.427759565399739125e-03 9.999640275859613681e-01 8.803566668397642958e-02
-3.965162723397109429e-02 -9.991671937161831218e-01 -9.626393874442935178e-03 5.728620979815522318e+00 9.992135270277372472e-01 -3.965244117101774518e-02 -1.063671419222175557e-04 4.093648337335049092e+01 -2.754314580973587926e-04 -9.623040606101768840e-03 9.999536595397834349e-01 1.379419141792219139e-01
-3.869642807714535060e-02 -9.991884570787505915e-01 -1.118095231439467270e-02 5.687191039345345978e+00 9.992439061819817780e-01 -3.873593022089072413e-02 3.338213309170855615e-03 4.184766955367260977e+01 -3.768608794443673721e-03 -1.104332153424570154e-02 9.999319190011116687e-01 1.419479320363941643e-01
-3.817571693050160475e-02 -9.992047397465166902e-01 -1.151098192760928104e-02 5.645520011996160825e+00 9.992552610739233732e-01 -3.823731950912158395e-02 5.179827491566676816e-03 4.274800180001344785e+01 -5.615857274472457056e-03 -1.130466562322354415e-02 9.999203301674688404e-01 9.749892555575212505e-02
-3.791011891660940603e-02 -9.992235298043569136e-01 -1.073127993529894748e-02 5.614098055012262556e+00 9.992731734548051525e-01 -3.795054671354132492e-02 3.588985609620946871e-03 4.361877476144645982e+01 -3.993456809743137388e-03 -1.058742128492732616e-02 9.999359773571726562e-01 1.015530470352129511e-01
-3.772922778523289666e-02 -9.992353743426111157e-01 -1.025534168675525798e-02 5.587260344687040359e+00 9.992875194874867306e-01 -3.773727876618347687e-02 5.926110607200405899e-04 4.449084980793026034e+01 -9.791666231737051942e-04 -1.022567619795632446e-02 9.999472369975420660e-01 1.126505603145955547e-01
-3.770332073795377298e-02 -9.992323032867561627e-01 -1.064254074811429515e-02 5.543633234078580330e+00 9.992862368146934182e-01 -3.767613795896027767e-02 -2.743271992735683840e-03 4.537581075433390509e+01 2.340196158383516922e-03 -1.073837495814372600e-02 9.999396035687347917e-01 1.340184392137032665e-01
-3.743777100945290537e-02 -9.992288740914039291e-01 -1.183513767851771849e-02 5.499154611021450201e+00 9.992951466373112268e-01 -3.740227951786036231e-02 -3.206149401254621261e-03 4.625351218849969115e+01 2.761015928800206361e-03 -1.194682672903338988e-02 9.999248222352254967e-01 1.501453126168840468e-01
-3.723955752651309653e-02 -9.992364751738126438e-01 -1.181871555815328448e-02 5.451756271068203041e+00 9.993062808784031192e-01 -3.723203636982586745e-02 -8.558415336485499176e-04 4.716510543544728051e+01 4.151532298845400887e-04 -1.184238784920375875e-02 9.999297902842102514e-01 1.384177719506465287e-01
-3.787660362111749945e-02 -9.992228953009008041e-01 -1.090726384637894647e-02 5.426360046104451662e+00 9.992807539730053090e-01 -3.789423928998231217e-02 1.414697061653185728e-03 4.805900283512863069e+01 -1.826920160112423860e-03 -1.084583492034385706e-02 9.999395132844832723e-01 1.364565342708324580e-01
-3.881716150598193277e-02 -9.991973088991367158e-01 -9.897770523802777373e-03 5.398396481506817501e+00 9.992451554583220430e-01 -3.883039863663419883e-02 1.148666528734900924e-03 4.894462628353556966e+01 -1.532078879387614029e-03 -9.845711271585681074e-03 9.999503561196745327e-01 1.486501298779297486e-01
-3.882820453305944192e-02 -9.992073645345546096e-01 -8.775716076129438936e-03 5.364609773983391783e+00 9.992458790736703511e-01 -3.882486923453607602e-02 -5.501665286157513685e-04 4.982948789121532940e+01 2.090144180181273165e-04 -8.790460103493236491e-03 9.999613413148240593e-01 1.693627216337474928e-01
-3.940961209396620646e-02 -9.991851978292703995e-01 -8.707635355527466869e-03 5.320283716749430347e+00 9.992228905918861814e-01 -3.940195514930389109e-02 -1.049212851428099136e-03 5.073002213001379346e+01 7.052600927842105245e-04 -8.742217641649049908e-03 9.999615373797672291e-01 1.748495468660686836e-01
-3.987273402589208704e-02 -9.991649383046068422e-01 -8.921386890618502458e-03 5.293731038545697487e+00 9.992047450854926183e-01 -3.987298554587337396e-02 -1.497407585120664293e-04 5.162547341894105557e+01 -2.061066147983797215e-04 -8.920262687286500264e-03 9.999601924245050677e-01 1.760247602081804197e-01
-4.029051890394707430e-02 -9.991651782707008378e-01 -6.754303645054040260e-03 5.247278483282948436e+00 9.991876768602893089e-01 -4.028408681950822884e-02 -1.085706984698774427e-03 5.249678296888941276e+01 8.127096584736190560e-04 -6.792560665701682585e-03 9.999766000375277519e-01 1.776462703468703053e-01
-4.182261486478388440e-02 -9.991171403848206900e-01 -3.976012466125997298e-03 5.216922847013930387e+00 9.991178201806878434e-01 -4.180684029239644522e-02 -3.971083247297627072e-03 5.336966290577313998e+01 3.801352820098166923e-03 -4.138585993414770764e-03 9.999842107867065177e-01 2.115041543949363889e-01
-4.232107599358671257e-02 -9.990984710425359072e-01 -3.342407397765285483e-03 5.186005473678736877e+00 9.990857956883889557e-01 -4.229983614287248506e-02 -6.188434049533186182e-03 5.424220186285927525e+01 6.041471711787978031e-03 -3.601252942202679257e-03 9.999752654925030404e-01 2.486660645253057633e-01
-4.239409878285046313e-02 -9.990918886787544251e-01 -4.258915907833914216e-03 5.156861072365001242e+00 9.990841188295037645e-01 -4.236824377617395138e-02 -5.987939712229024304e-03 5.512200760050600934e+01 5.802059208980080672e-03 -4.508868554613190520e-03 9.999730027422203404e-01 2.426681095655117693e-01
-4.240839277289482762e-02 -9.990870072219523168e-01 -5.165290185737536795e-03 5.095130810433842861e+00 9.990920070903123174e-01 -4.238633176823464882e-02 -4.308160568579756308e-03 5.601666298630795637e+01 4.085289545602096249e-03 -5.343302304393433497e-03 9.999773795090629580e-01 2.235839180516716040e-01
-4.245001941120405548e-02 -9.990809377226436139e-01 -5.939337608830324092e-03 5.038971711940159359e+00 9.990966875050507623e-01 -4.243758219324942488e-02 -2.204684563865913320e-03 5.691179061573089371e+01 1.950607193501599761e-03 -6.027561433488235615e-03 9.999799316160010720e-01 2.259745510150593106e-01
-4.128210396976420699e-02 -9.991247314593977302e-01 -6.749731699568512627e-03 5.010426738611049480e+00 9.991455219591000025e-01 -4.126753309708334344e-02 -2.284001129365813981e-03 5.776978131083106405e+01 2.003457238722204485e-03 -6.838252574138801998e-03 9.999746119081348583e-01 2.519501339237709692e-01
-3.937599687089611555e-02 -9.991862709119480046e-01 -8.736526283283042524e-03 5.009638075760131315e+00 9.992151240428842618e-01 -3.933631890397050468e-02 -4.667965193591172221e-03 5.865671326161788812e+01 4.320503950538992846e-03 -8.913474976710881667e-03 9.999509404013043889e-01 2.810839895868042504e-01
-3.605764947252344116e-02 -9.992988149238706264e-01 -1.008585178675827122e-02 4.953633024493868220e+00 9.993169668314889620e-01 -3.597293238482380390e-02 -8.458601441714558647e-03 5.952095069005012817e+01 8.089852732250296663e-03 -1.038396010126835765e-02 9.999133600744545269e-01 2.949676401406162163e-01
-3.168646857931388394e-02 -9.994493106956121586e-01 -9.851043550720608305e-03 4.889164584968255234e+00 9.994411112953633936e-01 -3.157810680215876464e-02 -1.096759880197193705e-02 6.039316472858191531e+01 1.065048175725950147e-02 -1.019306238858042578e-02 9.998913284539879820e-01 3.005300279988659673e-01
-2.746956065668927291e-02 -9.995833144056127662e-01 -8.866837047068169483e-03 4.877440405806579449e+00 9.995759475328214183e-01 -2.738146354582205941e-02 -9.908610798278153636e-03 6.126414564802451679e+01 9.661695047527075683e-03 -9.135262228289108000e-03 9.999115954087286484e-01 2.999623804148455752e-01
-2.409634770669979303e-02 -9.996962947899884488e-01 -5.165676177027159546e-03 4.870479898035688926e+00 9.996915355351182475e-01 -2.406449162272108339e-02 -6.142802485589575652e-03 6.211056230170905224e+01 6.016627513382871023e-03 -5.312101854075808836e-03 9.999677903648982458e-01 3.111931971613426384e-01
-2.171603548829328587e-02 -9.997620224515535448e-01 -2.076599684758172193e-03 4.873136384430664769e+00 9.997505739892036392e-01 -2.170485707754690394e-02 -5.262032639712355825e-03 6.295536983704628398e+01 5.215708094719957028e-03 -2.190352214327331501e-03 9.999839992451118320e-01 3.335202007680202474e-01
