1.000000000000000000e+00 0.000000000000000000e+00 0.000000000000000000e+00 0.000000000000000000e+00 0.000000000000000000e+00 1.000000000000000000e+00 0.000000000000000000e+00 0.000000000000000000e+00 0.000000000000000000e+00 0.000000000000000000e+00 1.000000000000000000e+00 0.000000000000000000e+00
9.999999990164610830e-01 6.579636668859752097e-06 6.708076818431214230e-05 -4.112205713522437385e-04 -6.579728117098897988e-06 1.000000000106376907e+00 8.483502199633042990e-06 1.723887325776273698e-03 -6.708086577370250066e-05 -8.483423033368382222e-06 9.999999989604216877e-01 -2.402360669715959750e-04
9.999999862216569779e-01 -1.479015171307691747e-04 1.199252654351474551e-04 1.999695589989577277e-03 1.479053184718267513e-04 9.999999898063679504e-01 -2.292595447881549177e-05 1.142805457873802884e-03 -1.199221578357421650e-04 2.294462290817629230e-05 9.999999960996672765e-01 -9.384084130461303437e-04
9.999998521999877710e-01 -2.051379334214225507e-04 5.197577314130399743e-04 -6.850642770183221122e-04 2.052062356855568863e-04 9.999999714518484906e-01 -1.329675017453159792e-04 -1.778606945185028185e-03 -5.197304439659683039e-04 1.330762491941550141e-04 9.999998637414025948e-01 -1.440400536710573004e-03
9.999991916164623351e-01 -1.364518631259732532e-04 1.272399418698659307e-03 -1.313706661342830054e-02 1.367287037328357544e-04 9.999999684240965525e-01 -2.187157289189909986e-04 -5.748041037696591466e-04 -1.272369259210348689e-03 2.188929333999909430e-04 9.999991761622577524e-01 -9.483088639262355918e-04
9.999983196169047739e-01 -2.983138108826371613e-04 1.815188868941301206e-03 -3.478705484228249156e-02 2.985966880084059286e-04 9.999999457531012492e-01 -1.558783295095294988e-04 1.835724976929980221e-03 -1.815141225547419433e-03 1.564224031680987875e-04 9.999983510410702658e-01 -4.154806506958786620e-04
9.999987783670942765e-01 -4.326778656843058876e-04 1.512233285804065724e-03 -6.233821696005620305e-02 4.327022317086217230e-04 9.999999090160313076e-01 -1.737704165758165715e-05 3.593310266024416205e-03 -1.512224675127553418e-03 1.803318648252563421e-05 9.999988710981340123e-01 -6.636249117918986305e-04
9.999996506787603989e-01 -2.542217613316678521e-04 8.172102391301127016e-04 -9.559004158027913090e-02 2.539903576589663532e-04 9.999999317662034981e-01 2.795569233123295109e-04 4.321554677172275739e-03 -8.172805207652858017e-04 -2.793484409724982182e-04 9.999996430623565580e-01 -1.355891182270417853e-03
9.999998904881489681e-01 1.482371688470123373e-04 4.890921010695412985e-04 -1.282216429779715616e-01 -1.484771430666631661e-04 9.999998807018155578e-01 4.875140994876221148e-04 4.959189480300126192e-03 -4.890175048049683450e-04 -4.875893914764977809e-04 9.999997829682002459e-01 -3.261300272612477694e-03
9.999994191288267276e-01 9.406337325634406450e-04 5.748741262646999339e-04 -1.686377353543024871e-01 -9.409671726408651640e-04 9.999994066401081128e-01 5.773445955080469885e-04 4.316900626337861167e-03 -5.743284966778002681e-04 -5.778860934358440258e-04 9.999996897571269416e-01 -2.400533046137990397e-03
9.999970866517789991e-01 2.308515593306572408e-03 7.479581347143451041e-04 -2.139325484752999940e-01 -2.308816205385407893e-03 9.999972753301160644e-01 3.992965187448861784e-04 3.900222241598579314e-03 -7.470307696719482270e-04 -4.010233542133933974e-04 9.999996623525183592e-01 -5.530344695605982942e-04
9.999921536586068305e-01 3.907280353536563694e-03 7.040273652308098699e-04 -2.621560490619773143e-01 -3.907563452545036349e-03 9.999923103465060414e-01 3.988648033681995147e-04 1.614521709105076579e-03 -7.024615750289539594e-04 -4.016144631522220398e-04 9.999996946610857362e-01 2.162875785167441510e-04
9.999822975885983567e-01 5.948400044732762154e-03 3.129004006062972290e-04 -3.144139574729369890e-01 -5.948533258633886649e-03 9.999822459100813354e-01 4.225766355993017340e-04 4.715786868033274297e-04 -3.103779468611315745e-04 -4.244335965277934095e-04 9.999998842038533287e-01 -2.914827685322949908e-03
9.999639628844859685e-01 8.491941754365505204e-03 -2.190013958315822191e-04 -3.650446268633822933e-01 -8.491878325266788777e-03 9.999639335025504172e-01 2.938000402944052221e-04 -6.743282706827576469e-04 2.214923240590376062e-04 -2.919349576021706689e-04 9.999999555567260501e-01 -5.574722301941027573e-03
9.999329617971129958e-01 1.156321225025088752e-02 -6.778960528175542472e-04 -4.141099018499558859e-01 -1.156306765132824460e-02 9.999331584937337647e-01 2.180770323239973802e-04 -4.887344955164716481e-03 6.803770284237654247e-04 -2.102311007566741766e-04 9.999997695254392305e-01 -7.116085443451669774e-03
9.998924304365670590e-01 1.462782649079834296e-02 -1.120497985516595877e-03 -4.646344525997158637e-01 -1.462779751712125695e-02 9.998930470598051956e-01 3.473334636062040210e-05 -1.212873246091440357e-02 1.120891049653504560e-03 -1.834682664350818887e-05 9.999993948084292539e-01 -9.215114620692230196e-03
9.998469721272525979e-01 1.744009566174203191e-02 -1.408101130621135363e-03 -5.148831555455968267e-01 -1.744048923954743396e-02 9.998479102879941349e-01 -2.671837183210601786e-04 -1.458247298564908923e-02 1.403233782006486517e-03 2.916929699957966009e-04 9.999989964249381691e-01 -1.074739764242567570e-02
9.997894550296300142e-01 2.045777630942174213e-02 -1.623948972673566098e-03 -5.619705420419940367e-01 -2.045897127445448979e-02 9.997904782763090692e-01 -7.220501490595325261e-04 -1.810451402028958115e-02 1.608845714640648331e-03 7.551154606481943901e-04 9.999984448431106232e-01 -1.011887247795670297e-02
9.997153664626978742e-01 2.378521382984547308e-02 -1.889179915945473492e-03 -6.039987221207897550e-01 -2.378710754112496259e-02 9.997166099542700302e-01 -9.858528744601578828e-04 -2.066786388782526976e-02 1.865205097683558496e-03 1.030503046428275608e-03 9.999977537870634592e-01 -8.984164551570340829e-03
9.996133168120665546e-01 2.772802929274778561e-02 -2.120986544394820508e-03 -6.428552928342786688e-01 -2.773046423413584247e-02 9.996148537558051661e-01 -1.126951490337749521e-03 -2.406272405971403988e-02 2.088931412236553087e-03 1.185323476914397793e-03 9.999971401390720382e-01 -9.878398011906392578e-03
9.994774479987484916e-01 3.225709695755437506e-02 -2.108800035184690749e-03 -6.870958727634262075e-01 -3.225922207480044768e-02 9.994791118552061038e-01 -9.815324611998077486e-04 -2.472381649217549396e-02 2.076047162191491276e-03 1.049041890663162486e-03 9.999973199147965675e-01 -1.213864494100901602e-02
9.992678821823648416e-01 3.822001906462376558e-02 -1.753645533787047623e-03 -7.429892419914594370e-01 -3.822167214983991645e-02 9.992689248250778977e-01 -9.189165879795662762e-04 -2.695962183302080470e-02 1.717249940043989601e-03 9.852667094871908355e-04 9.999980654823112936e-01 -1.401689021970795555e-02
9.989511069470046190e-01 4.577460610359544713e-02 -1.233324468301189112e-03 -7.994086093072857446e-01 -4.577574135533507560e-02 9.989513926982833691e-01 -9.085417703695154810e-04 -3.557427569102188797e-02 1.190449946443319657e-03 9.640415778162052642e-04 9.999988521916085560e-01 -1.450969973783831565e-02
9.985109900404456340e-01 5.454219000280845220e-02 -1.052612238758028835e-03 -8.558620907061990080e-01 -5.454354118226947823e-02 9.985106130780609934e-01 -1.301054772506992675e-03 -4.359316343569770436e-02 9.800902662546124092e-04 1.356526276190199226e-03 9.999986253457532337e-01 -1.493307795799312873e-02
9.979316120305073978e-01 6.427276418490540655e-02 -1.295995094507984861e-03 -9.151927885302101329e-01 -6.427526303169053823e-02 9.979302984627118622e-01 -1.989635992513604304e-03 -5.194814494536954819e-02 1.165443886191439406e-03 2.068812835806576027e-03 9.999972074531749966e-01 -1.417740144503690410e-02
9.971823982726709668e-01 7.499853976991627258e-02 -1.630878764686621201e-03 -9.839467921658023863e-01 -7.500230112372949232e-02 9.971805895656493668e-01 -2.383452215864788164e-03 -5.714273683581730379e-02 1.447536631637274087e-03 2.499046234785482715e-03 9.999958567159576983e-01 -1.444867395962754798e-02
9.962310011807253840e-01 8.670994534797243913e-02 -2.316942565185083850e-03 -1.060710576116865145e+00 -8.671683089529229338e-02 9.962283874705569753e-01 -3.059243739112487044e-03 -6.147500354982744775e-02 2.042951955627543125e-03 3.248616812877583564e-03 9.999926648211951985e-01 -1.691407865568804805e-02
9.950101094763029730e-01 9.971752308213709115e-02 -3.390994382852295912e-03 -1.139684595803541978e+00 -9.973131887830424813e-02 9.950057211022604875e-01 -4.178075149247231605e-03 -6.638301868074876488e-02 2.957449676171761393e-03 4.495396882780619899e-03 9.999855522930840568e-01 -2.075510180343641958e-02
9.934765541979226899e-01 1.139300414718670135e-01 -4.948865196668812520e-03 -1.215618211392467840e+00 -1.139597828766240606e-01 9.934660253160770838e-01 -6.213662076654319182e-03 -7.408023138908058358e-02 4.208626444632402978e-03 6.737078687858900558e-03 9.999684795084256006e-01 -2.516391241315728625e-02
9.915819264447612857e-01 1.293065579191093051e-01 -6.732121272208250497e-03 -1.296986119888437816e+00 -1.293623770176849930e-01 9.915597765292520904e-01 -8.647830984194566570e-03 -9.454510992870657216e-02 5.557103545551757284e-03 9.445891635881867657e-03 9.999399768314896075e-01 -2.769842335417392262e-02
9.892965990039618296e-01 1.456576792354472016e-01 -8.735466855426143873e-03 -1.381399505377083559e+00 -1.457529607920277082e-01 9.892543237642430487e-01 -1.149618791475985266e-02 -1.030383236891855153e-01 6.967115961029898309e-03 1.264633475773924848e-02 9.998957914624037047e-01 -2.845274411826577074e-02
9.866308875118365851e-01 1.626229772835416643e-01 -1.065340744076405388e-02 -1.467506785240715539e+00 -1.627634521607819185e-01 9.865658587896573017e-01 -1.400276218778380086e-02 -1.092812176206722635e-01 8.233142318505266150e-03 1.554951758444920139e-02 9.998452342017557504e-01 -2.810151979741946915e-02
9.835848894275486254e-01 1.800066030778424420e-01 -1.259489428846267273e-02 -1.567279157063392159e+00 -1.801903329852820590e-01 9.835113108107813584e-01 -1.540017752968407712e-02 -1.130820715874992360e-01 9.615110867594575672e-03 1.741683351421615886e-02 9.998021148785739554e-01 -2.786768289036792301e-02
9.800478884635432930e-01 1.982960950005393241e-01 -1.360308834714455892e-02 -1.669916895431117876e+00 -1.984924291373467986e-01 9.799873079344815219e-01 -1.502857377995744578e-02 -1.117539005050972312e-01 1.035076826404614757e-02 1.742880642482956197e-02 9.997945611703902280e-01 -3.004851310170154541e-02
9.760954191168426108e-01 2.169339588905409011e-01 -1.332838152338652361e-02 -1.755744768168182368e+00 -2.171084301547978324e-01 9.760551847927911862e-01 -1.343271153646489850e-02 -1.132266599195384388e-01 1.009524355330622750e-02 1.600528976420313026e-02 9.998209778139761639e-01 -3.415047398806909940e-02
9.720411569485080117e-01 2.345161164385398955e-01 -1.176601755285792972e-02 -1.834471681815835975e+00 -2.346484890812083057e-01 9.720122230782529682e-01 -1.151339346647312425e-02 -1.084202519859343156e-01 8.736656234492098244e-03 1.395234887206642065e-02 9.998645300967264893e-01 -3.598388200930705688e-02
9.678699039752635125e-01 2.512861877216007178e-01 -9.130444215152962867e-03 -1.919610141576815421e+00 -2.513677201888021573e-01 9.678474723552327186e-01 -9.261463283592192425e-03 -9.704665695725628316e-02 6.509621180614814061e-03 1.125896825854600866e-02 9.999154673739940602e-01 -2.962437856914343359e-02
9.634014051801051970e-01 2.680064026551803869e-01 -5.529110217468444569e-03 -2.008954096781830678e+00 -2.680378186367638471e-01 9.633894932102819997e-01 -6.053872484498805731e-03 -8.035755280083824170e-02 3.704234185850676687e-03 7.314296871992832620e-03 9.999664330387035838e-01 -2.386286666281903224e-02
9.586104611971156819e-01 2.847132836682321200e-01 -2.146275452788067896e-03 -2.095045944612928146e+00 -2.847187437724589820e-01 9.586066973405140690e-01 -2.945666801624276070e-03 -6.476011263570112531e-02 1.218790704376384020e-03 3.434807963277930302e-03 9.999934051861613105e-01 -2.541779138516485695e-02
9.533444063817884118e-01 3.018851690689645650e-01 2.549595154929884880e-04 -2.180868432734470730e+00 -3.018850185088906013e-01 9.533443648210486732e-01 -4.460924199093715264e-04 -5.655635848775800861e-02 -3.777053495772182364e-04 3.482886469081556075e-04 9.999999157122591020e-01 -3.430016829244028620e-02
9.475755335903502941e-01 3.195311427935957349e-01 8.592953418225553327e-04 -2.272562911535087160e+00 -3.195313438454352450e-01 9.475758256431126014e-01 1.350600480734694380e-04 -4.779473546979577658e-02 -7.710621951132323043e-04 -4.025745953554241922e-04 9.999996713089889244e-01 -3.865126873076375064e-02
9.411649949506736279e-01 3.379478222320453917e-01 -1.256662755751280375e-04 -2.371502406684939945e+00 -3.379477410077348920e-01 9.411644460383099542e-01 -1.030570214192473620e-03 -3.370274507457192426e-02 -2.299725045125865469e-04 1.012377441163451975e-03 9.999995133726665708e-01 -3.300217153809239384e-02
9.342881568849207286e-01 3.565176526662777734e-01 -1.051001972878116584e-03 -2.469421804731824821e+00 -3.565191366892486724e-01 9.342853178147474402e-01 -2.304192331931291093e-03 -1.548880599656524484e-02 1.604888333287559342e-04 2.527452677454746291e-03 9.999968480279773919e-01 -2.390342445280107045e-02
9.270367812317792389e-01 3.749703657691716430e-01 -5.808892787636613661e-04 -2.565710045054378163e+00 -3.749707068889588935e-01 9.270344560808755352e-01 -2.085987030047990656e-03 1.193457615079990394e-03 -2.436372908041882642e-04 2.151574513132440466e-03 9.999977113800498918e-01 -1.955234143162200636e-02
9.194380669152114605e-01 3.932339668779767927e-01 1.001242419718960386e-03 -2.663027223296243751e+00 -3.932330939305012651e-01 9.194384819858179014e-01 -9.392498732347756866e-04 1.970696845104774955e-02 -1.289886675418835732e-03 4.698356885410663836e-04 9.999991156468228670e-01 -2.609141743383802323e-02
9.112432635822038662e-01 4.118619770202495700e-01 2.397775368999774739e-03 -2.764584142691271396e+00 -4.118628239871364172e-01 9.112460010506370223e-01 -1.377052383361355872e-04 3.791999569822852162e-02 -2.241640216454488920e-03 -8.620942312461922150e-04 9.999971740909588958e-01 -3.770630992817543270e-02
9.023653423319487610e-01 4.309616316010939641e-01 3.031385523907158697e-03 -2.862321713352446562e+00 -4.309609955256921698e-01 9.023702815731354798e-01 -8.829635519972618739e-04 5.917090194143632270e-02 -3.115914352997052605e-03 -5.096761722882248418e-04 9.999950744030910998e-01 -4.593332147794974840e-02
8.928687449132975962e-01 4.503083246167889353e-01 2.855548654420645999e-03 -2.958499722721573466e+00 -4.502971514802047714e-01 8.928708020406990187e-01 -3.808137603391117520e-03 8.144435290456368548e-02 -4.264423904767905386e-03 2.114298545372333363e-03 9.999887335039081560e-01 -4.459758845222520918e-02
8.830364359209134095e-01 4.692976792687862941e-01 2.584550662717158623e-03 -3.061727314949319378e+00 -4.692589314396524158e-01 8.830137728931199970e-01 -9.112279563862502735e-03 1.036176591708563716e-01 -6.558513836785197747e-03 6.833628946102502343e-03 9.999552062400192121e-01 -3.796615802897723019e-02
8.729430563592935899e-01 4.878162432078627653e-01 2.464372757665951510e-03 -3.166739495545960015e+00 -4.877410051617190323e-01 8.728785049667115992e-01 -1.386134841350899517e-02 1.273359507819776526e-01 -8.912833860953112836e-03 1.089817074359476778e-02 9.999009579037061446e-01 -2.698523446133994225e-02
8.624947753661712513e-01 5.060594628744924384e-01 2.631097763283746314e-03 -3.269178432749027419e+00 -5.059700776611087969e-01 8.624205490714369482e-01 -1.501304635980454591e-02 1.622981796066682303e-01 -9.866551623081042804e-03 1.161739663115047422e-02 9.998839066174676216e-01 -2.015762732821990005e-02
8.521136882249552569e-01 5.233476669863958985e-01 3.134039946668997455e-03 -3.366624385003474274e+00 -5.232921358420680180e-01 8.520870697396025761e-01 -1.064357463528731867e-02 2.090128839773300051e-01 -8.240708858566505451e-03 7.429499083337082026e-03 9.999385168836892879e-01 -2.249431293305546864e-02
8.419060041596861943e-01 5.396030135931854099e-01 4.817884345579324414e-03 -3.456117709221854017e+00 -5.396076922490029570e-01 8.419166991531120692e-01 -3.731496044910778817e-04 2.630206416096775301e-01 -4.257550413789432109e-03 -2.285624571301719896e-03 9.999884013224754620e-01 -2.664296624044568476e-02
8.307072536364187298e-01 5.566641634057829524e-01 7.128301285424336158e-03 -3.557853672269400747e+00 -5.567094268883415742e-01 8.306244607345336650e-01 1.174533000646353458e-02 3.207751426553489549e-01 6.173218833412124533e-04 -1.372533304777220735e-02 9.999056918253836912e-01 -4.409207173829556015e-02
8.180723251217179026e-01 5.750417267035029534e-01 9.221445811874019391e-03 -3.657576811724935872e+00 -5.751086321556857506e-01 8.178781487390228699e-01 1.804817249524341694e-02 3.609824220835625708e-01 2.836487677477013240e-03 -2.006805010769873235e-02 9.997946735868433743e-01 -6.667579734495371335e-02
8.048889186800267659e-01 5.933466405534735255e-01 9.692628007706576704e-03 -3.742958430961925931e+00 -5.934243679754264145e-01 8.047441715851086919e-01 1.531939474822032084e-02 3.918515089289570374e-01 1.289682907571156143e-03 -1.808225795947056291e-02 9.998357530396153603e-01 -6.388012740404351575e-02
7.917497756088355265e-01 6.107869756763426583e-01 8.480582548477881566e-03 -3.834866116425248439e+00 -6.108445753845047621e-01 7.916998423036055721e-01 8.978811430692325291e-03 4.393354524736631239e-01 -1.229874589854507844e-03 -1.228929494049288938e-02 9.999238149134008768e-01 -3.071792072851382144e-02
7.784202301593954321e-01 6.276871298308622782e-01 8.436281377232705478e-03 -3.931704892319979106e+00 -6.277407856472695391e-01 7.783878008086911882e-01 7.369106362282941761e-03 4.929328234309562906e-01 -1.941143056288789160e-03 -1.103206294169635678e-02 9.999373543360848826e-01 1.353496018228978913e-03
7.647841892662847751e-01 6.442032560248415196e-01 1.037632934704710123e-02 -4.021253327042116688e+00 -6.442867844966996271e-01 7.646846378245633069e-01 1.234151900007046145e-02 5.431914185334764111e-01 1.588953146310592525e-05 -1.612393119925013829e-02 9.998700961713589130e-01 -1.219333863622283978e-02
7.511415104159162581e-01 6.600138209471354545e-01 1.298261722768131489e-02 -4.104266502553459262e+00 -6.601369891777849608e-01 7.509187984813249228e-01 1.845226419941635096e-02 5.900401702145909866e-01 2.429920895999829796e-03 -2.243056501899942656e-02 9.997455477243433197e-01 -5.192967690048718582e-02
7.371208255491402683e-01 6.755954079746503416e-01 1.496987698681561882e-02 -4.187198373389568573e+00 -6.757550995167873609e-01 7.368391263779913158e-01 2.057965962072961369e-02 6.371876441124673107e-01 2.873195345518053233e-03 -2.528566345502808801e-02 9.996762359121860175e-01 -7.310311303331680499e-02
7.227783046394241628e-01 6.909083480026549928e-01 1.541243388695154141e-02 -4.274865984197054658e+00 -6.910775334922285573e-01 7.225338226178469325e-01 1.889713815836047139e-02 6.890314498094574081e-01 1.920248692342471598e-03 -2.430962433672895565e-02 9.997027370489189879e-01 -5.885346819023388326e-02
7.084062525302979862e-01 7.056358564839249059e-01 1.545919923702895014e-02 -4.351070140617079751e+00 -7.058043093860199013e-01 7.082017840980762147e-01 1.705569497293075651e-02 7.456033266562460682e-01 1.086939548260326986e-03 -2.299352580291357667e-02 9.997351285563474965e-01 -2.950736186246910586e-02
6.942231850799164272e-01 7.195770405255170754e-01 1.623042322929739781e-02 -4.434982540359385439e+00 -7.197584631326087168e-01 6.939981440035508653e-01 1.774051901872130896e-02 8.085453541733195193e-01 1.501850257637048517e-03 -2.399785554281516631e-02 9.997109880555129502e-01 -1.996308658568515804e-02
6.797104868850948334e-01 7.332454616798105285e-01 1.857761847072758599e-02 -4.515297620574266979e+00 -7.334767106331037123e-01 6.794048551346940634e-01 2.052699426804784066e-02 8.697385210922213838e-01 2.429668171718584943e-03 -2.757865319333977980e-02 9.996167934466378968e-01 -3.739843264520383709e-02
6.649234721310305352e-01 7.466061426662432554e-01 2.136420816489224134e-02 -4.585852846832343843e+00 -7.469062072158764165e-01 6.645366932031271379e-01 2.285833072909036756e-02 9.194951692130757248e-01 2.868939013359822401e-03 -3.115608794660009589e-02 9.995105251960579862e-01 -5.767688983500902228e-02
6.498921554962100444e-01 7.596630325613734636e-01 2.350854429167281018e-02 -4.655230283001436042e+00 -7.600224690023978935e-01 6.494749096285781231e-01 2.342207406460510358e-02 9.680232542801696649e-01 2.524743465903995371e-03 -3.308883144428276246e-02 9.994493381866770276e-01 -6.103589670888191071e-02
6.345057481937067534e-01 7.724820670978163051e-01 2.596731566517382003e-02 -4.723895187532416884e+00 -7.729175567378848699e-01 6.340982561248293958e-01 2.276538648903867965e-02 1.029354560800140650e+00 1.120092726293413048e-03 -3.451534905081257709e-02 9.994036560144852199e-01 -4.948455125534675231e-02
6.195911721759380653e-01 7.843930926023221506e-01 2.889034559766932506e-02 -4.786353687528617229e+00 -7.849248501866832317e-01 6.191872367242732267e-01 2.237323329451341991e-02 1.088043635749053051e+00 -3.390525294099026952e-04 -3.653899536001039422e-02 9.993322877648077585e-01 -4.114488405076206778e-02
6.053876322465878701e-01 7.952761200090967542e-01 3.228179502113761451e-02 -4.850890536261729835e+00 -7.959302044389439112e-01 6.049467989712858929e-01 2.312800454677657255e-02 1.142433581302787715e+00 -1.135543534505461085e-03 -3.969544986692987582e-02 9.992112984756016392e-01 -4.875569486815072712e-02
5.917869595714526643e-01 8.053436584667312825e-01 3.478788285260084323e-02 -4.908998154203597863e+00 -8.060937628782652853e-01 5.912985937019666904e-01 2.406755338701538349e-02 1.198853750595868517e+00 -1.187298236666074584e-03 -4.228514317657056792e-02 9.991049968701478656e-01 -6.427021371463588484e-02
5.787881964543022395e-01 8.146693803473650242e-01 3.631032800533676858e-02 -4.970396998202108563e+00 -8.154773887786579412e-01 5.782741676983391699e-01 2.441410316811116338e-02 1.252854841839604383e+00 -1.107826883376245757e-03 -4.374082700377721067e-02 9.990424171627489969e-01 -6.843230299319709442e-02
5.663981024508633055e-01 8.233004401234934599e-01 3.701345071092454475e-02 -5.014948784540512960e+00 -8.241314155847140333e-01 5.658801859907386378e-01 2.423762759032056791e-02 1.302690096481326831e+00 -9.902544778342037193e-04 -4.423207125977093174e-02 9.990209121527966474e-01 -6.267972741206576104e-02
5.552195017721442971e-01 8.309024829143561997e-01 3.650750667957065182e-02 -5.066040432381476499e+00 -8.317040035873355386e-01 5.547044562997909267e-01 2.391361731188237222e-02 1.347062454153867384e+00 -3.809210096734673163e-04 -4.364071991874032136e-02 9.990473382559678095e-01 -6.067183085764229350e-02
5.465492315568267756e-01 8.366744852293509505e-01 3.549897957886476857e-02 -5.109046462406498179e+00 -8.374271007123701427e-01 5.460362863707536318e-01 2.367853175116491071e-02 1.383575100753942300e+00 4.275617124359607250e-04 -4.266926295726881924e-02 9.990892825616382034e-01 -5.882246805883525193e-02
5.404248675101334110e-01 8.406780046605820678e-01 3.466850003659456558e-02 -5.139471826271553745e+00 -8.413918136186329111e-01 5.399121358132338289e-01 2.356193089398365276e-02 1.418585707640269034e+00 1.090118744718926013e-03 -4.190321633007054042e-02 9.991212020867276111e-01 -5.641522746992586740e-02
5.360999859505759524e-01 8.434349352788572673e-01 3.485360062648862334e-02 -5.159906678699445415e+00 -8.441537727829907523e-01 5.355798022537354708e-01 2.364646145629606053e-02 1.441616943896919523e+00 1.277432345347177941e-03 -4.209863664472796030e-02 9.991127652746003562e-01 -5.574119569816510245e-02
5.333526514251457629e-01 8.451463558425232891e-01 3.553947627137539478e-02 -5.167745236793378716e+00 -8.458925389729661237e-01 5.328271338697597725e-01 2.369681726346067885e-02 1.447090945823744645e+00 1.090945910950882284e-03 -4.270130776488322011e-02 9.990874101696703979e-01 -5.839318104440523877e-02
5.328574507340940736e-01 8.454471815250587108e-01 3.581169483561350703e-02 -5.166745828336967605e+00 -8.462045188414170083e-01 5.323228958674302014e-01 2.389010625755055503e-02 1.443249407395215789e+00 1.134502380021386227e-03 -4.303400899922587425e-02 9.990730864954194823e-01 -6.202308111682664632e-02
5.342639780790419124e-01 8.445255248800229708e-01 3.659413600570651098e-02 -5.161537848114197580e+00 -8.453176325521581935e-01 5.337249153749366037e-01 2.400661915925529286e-02 1.443258338179113531e+00 7.430692261410004129e-04 -4.375951127774893590e-02 9.990419411118212079e-01 -5.396201960401376951e-02
5.348492253728450718e-01 8.440422559515760037e-01 3.910856883805637063e-02 -5.160044013425367559e+00 -8.449474031154835529e-01 5.343201128786624343e-01 2.379952381009583021e-02 1.456397459941669359e+00 -8.086188123341104487e-04 -4.577381235774606594e-02 9.989516269012626015e-01 -4.992434396277489056e-02
5.338894590846080535e-01 8.445801477420737946e-01 4.058242819850255839e-02 -5.163603856934391167e+00 -8.455539403840769408e-01 5.333320206477666359e-01 2.441338720321433245e-02 1.458014671443419896e+00 -1.024770110109330659e-03 -4.734865282047339557e-02 9.988780231722669267e-01 -6.823462560874613003e-02
5.331116881875588298e-01 8.450972572010652106e-01 4.003838046811045159e-02 -5.158688413857421828e+00 -8.460451312307893934e-01 5.325034666830120722e-01 2.546014003603642994e-02 1.447949615794142053e+00 1.957932888251725872e-04 -4.744734490034258068e-02 9.988738489483696137e-01 -7.752015709549033018e-02
5.328102237727765367e-01 8.453201569199577659e-01 3.933987094730600348e-02 -5.157652353412965240e+00 -8.462348685966767370e-01 5.322044196888420231e-01 2.540727169277278222e-02 1.441842030934642693e+00 5.404981696999022842e-04 -4.682799232785090499e-02 9.989029534170066338e-01 -6.338915902301715810e-02
5.326179662476872023e-01 8.454374866494955842e-01 3.942196771432501107e-02 -5.157845668328487676e+00 -8.463560452642820975e-01 5.320305217288777699e-01 2.501000717422032990e-02 1.440977216376983394e+00 1.707764160333927195e-04 -4.668576814727269653e-02 9.989097449611016311e-01 -4.916170283545222286e-02
5.329740253716314102e-01 8.451911989580457307e-01 3.988814583019523186e-02 -5.158336548820621204e+00 -8.461318895761401615e-01 5.323788253798331649e-01 2.518232700801854157e-02 1.446580843929718529e+00 4.834556147729935922e-05 -4.717212843084556129e-02 9.988869093441546942e-01 -5.068780382262507572e-02
5.328492063039261817e-01 8.452143492712320683e-01 4.104836090614977923e-02 -5.158995228505412811e+00 -8.462104691984253524e-01 5.322086197486215475e-01 2.612214686591790916e-02 1.454817478474914605e+00 2.325910697575799034e-04 -4.865468726974142566e-02 9.988157691038936914e-01 -5.990600889881490115e-02
5.323309034714571730e-01 8.455090563776126444e-01 4.169879317622475490e-02 -5.158893468107082825e+00 -8.465364759216755797e-01 5.316529186006065943e-01 2.686472007086283115e-02 1.448192643320315831e+00 5.451471057513414438e-04 -4.960043992949437347e-02 9.987691291788122205e-01 -6.981784875753319075e-02
5.319835353571054082e-01 8.457396733245601261e-01 4.145451835171828220e-02 -5.161657118636947317e+00 -8.467547572070917017e-01 5.313092372097238947e-01 2.678472940658395418e-02 1.441054643695154569e+00 6.278106396217792828e-04 -4.935081621120879919e-02 9.987814508741202912e-01 -6.630824561432678566e-02
5.317353041975956263e-01 8.459168149270568371e-01 4.102275204591510765e-02 -5.154152935712602357e+00 -8.469108002359961862e-01 5.310884309915491208e-01 2.622446801922068485e-02 1.443619798377928420e+00 3.970798831162174127e-04 -4.868705803620081846e-02 9.988141477467370466e-01 -5.679921127787351809e-02
5.315973173091228521e-01 8.459878011107044848e-01 4.134602252913613385e-02 -5.149863181700725434e+00 -8.469974603544790925e-01 5.309461704658764436e-01 2.630618040470008093e-02 1.443487478342124097e+00 3.022669856781267750e-04 -4.900424255440175014e-02 9.987986705844735802e-01 -5.347373452078903883e-02
5.315026739989648918e-01 8.460241527733940448e-01 4.181635446974079490e-02 -5.150028525603992158e+00 -8.470568010022452299e-01 5.308297226999253438e-01 2.674200871181624597e-02 1.444474395570654268e+00 4.270960724162564952e-04 -4.963424742557744074e-02 9.987675195523628702e-01 -6.022022412413214482e-02
5.311430568292606624e-01 8.462312407319291241e-01 4.219373505185479434e-02 -5.154937105093288174e+00 -8.472822885993951392e-01 5.304529678679442695e-01 2.707267721599734833e-02 1.444985357534940063e+00 5.280257597395115370e-04 -5.012943988231077092e-02 9.987427401876025623e-01 -6.697992121726267789e-02
5.306592319279477277e-01 8.465334180472254832e-01 4.221995962715136691e-02 -5.151761804080106089e+00 -8.475853973562041954e-01 5.299694694349647017e-01 2.705393005993899508e-02 1.445574058440630694e+00 5.268401302075487267e-04 -5.014140979839048357e-02 9.987421405598938540e-01 -6.897669130071532040e-02
5.302073776215537881e-01 8.468199331379794303e-01 4.215106998471680744e-02 -5.148604054932571117e+00 -8.478682105214861986e-01 5.295299028353740445e-01 2.679814532823546203e-02 1.441559661839102224e+00 3.730266375607516321e-04 -4.994709735063087436e-02 9.987519469728756150e-01 -6.320010120266406073e-02
5.298759532489313306e-01 8.470394949655613015e-01 4.190640811906998914e-02 -5.145089027710545437e+00 -8.480754106936168046e-01 5.292124965492707167e-01 2.651023984969296671e-02 1.439241696533174908e+00 2.779009566464114259e-04 -4.958690389732280102e-02 9.987699279788556650e-01 -5.870191125453617237e-02
5.297825031533135443e-01 8.471083557552624432e-01 4.169549856293866541e-02 -5.144162569491340875e+00 -8.481336224076335695e-01 5.291067998780336623e-01 2.675660350425375367e-02 1.438410235659805858e+00 6.044451718380417383e-04 -4.953850458144673508e-02 9.987721862555172248e-01 -6.003477218478940614e-02
5.294181909641227923e-01 8.473320743739275462e-01 4.177698917876798007e-02 -5.147554107143689883e+00 -8.483605722264625504e-01 5.287111434805115140e-01 2.737578826541411936e-02 1.433548396909654077e+00 1.108497553967387325e-03 -4.993516108287303357e-02 9.987520033948977805e-01 -6.290476450120739693e-02
5.286320517553130260e-01 8.478171524108742974e-01 4.189054238198834657e-02 -5.138554139456442904e+00 -8.488502975616020185e-01 5.279084237932296642e-01 2.768468657551362636e-02 1.418870469790653566e+00 1.357254311869051646e-03 -5.019378284865405604e-02 9.987387325905398017e-01 -6.274975717827618871e-02
5.273688178905314716e-01 8.485897386996527070e-01 4.216845610118903631e-02 -5.127802149745922300e+00 -8.496356410241949764e-01 5.266371188012797244e-01 2.780650400937591943e-02 1.399392008057800840e+00 1.388911132890081586e-03 -5.049207624405083888e-02 9.987236531475240930e-01 -6.208409634790677117e-02
5.255110839840041459e-01 8.497422339923211831e-01 4.215250532217802715e-02 -5.119666543273834414e+00 -8.507850385584573294e-01 5.247564185098696488e-01 2.821528623490106649e-02 1.379978779828793245e+00 1.855994094663094771e-03 -5.069013719480815888e-02 9.987128616260703140e-01 -6.090872532390963212e-02
5.227742027535363656e-01 8.514353064556429151e-01 4.201976013115851089e-02 -5.109576956233695455e+00 -8.524671740815137344e-01 5.219789760451019056e-01 2.895270986726846546e-02 1.356325501365163388e+00 2.718000282276397499e-03 -5.095616864600102658e-02 9.986973500994650310e-01 -6.058276324097894294e-02
5.190431438813374321e-01 8.537292654024203342e-01 4.172734739177075963e-02 -5.093576458677484986e+00 -8.547416873810858018e-01 5.182273851005141374e-01 2.928524619204622703e-02 1.321471108537320527e+00 3.377490239851007030e-03 -5.086638309344371223e-02 9.986999148664111869e-01 -6.029575878338762351e-02
5.145185428372398562e-01 8.564909698953612205e-01 4.116441673223948661e-02 -5.074429340703105140e+00 -8.574701907829730407e-01 5.136951645563571089e-01 2.937272056956792207e-02 1.278271761207441015e+00 4.011580747643360249e-03 -5.041004445148451057e-02 9.987207075074548968e-01 -5.823744855059943132e-02
5.093781610194878517e-01 8.596016239660511093e-01 4.024386345920620556e-02 -5.057735894234268059e+00 -8.605295340581978758e-01 5.085501483173689996e-01 2.943270401297346309e-02 1.233399915742682262e+00 4.834450884418554570e-03 -4.962338464306068064e-02 9.987564593666680146e-01 -5.496374835062396713e-02
5.033060385162348993e-01 8.632360554523776930e-01 3.882246268030473818e-02 -5.037212937073126895e+00 -8.640876060622870725e-01 5.024728157386352256e-01 2.956860141565598871e-02 1.191884099339582281e+00 6.017525525397231928e-03 -4.842804063085789923e-02 9.988087067189662660e-01 -5.471126080148254467e-02
4.962550026069449949e-01 8.674059757231401546e-01 3.658544302513631191e-02 -5.012603994473603386e+00 -8.681405293581797578e-01 4.954063085896468488e-01 3.008724077323829058e-02 1.138141808921133480e+00 7.973269920865303992e-03 -4.669222838904666523e-02 9.988776619365017373e-01 -5.275295404744957672e-02
4.883884526412942129e-01 8.719472284907148207e-01 3.442968688055599719e-02 -4.989310830249721107e+00 -8.725700384845712643e-01 4.875270571879434245e-01 3.065178823107885323e-02 1.072953947106398909e+00 9.941413072115152030e-03 -4.501227137659778721e-02 9.989371274499879716e-01 -4.930111817931714241e-02
4.797073485766680800e-01 8.768300063523661869e-01 3.241387861758164568e-02 -4.967893684860213099e+00 -8.773483061046991605e-01 4.788352885260178660e-01 3.126274023042721617e-02 1.003477157529144570e+00 1.189127405902644721e-02 -4.343520916429838979e-02 9.989856371667532597e-01 -4.610331515454003937e-02
4.706390067241629782e-01 8.817865915662055354e-01 3.085446195885866924e-02 -4.938674097366074989e+00 -8.822214902322452756e-01 4.697566627744951262e-01 3.185228926460582921e-02 9.314659071423140313e-01 1.359290629189755656e-02 -4.221138143861543485e-02 9.990163940829247524e-01 -4.242163694347643454e-02
4.611531517403951730e-01 8.868273474552023083e-01 2.959225392117624184e-02 -4.907469912583175997e+00 -8.871979440778580139e-01 4.602776390660999750e-01 3.201500958856375728e-02 8.520939566995215930e-01 1.477120551274831162e-02 -4.101799049684963505e-02 9.990493780171769700e-01 -3.871442091528128071e-02
4.512611490543984583e-01 8.919161013977370267e-01 2.915007395348323538e-02 -4.874730386098133472e+00 -8.922549742499698011e-01 4.503779879485850235e-01 3.227063841051371063e-02 7.630199525753369461e-01 1.565421985830297430e-02 -4.057176230976639736e-02 9.990541538616939388e-01 -3.676528572112528620e-02
4.416140367494674757e-01 8.967142740297454617e-01 2.968570033446014250e-02 -4.836878677983451169e+00 -8.970516083483146552e-01 4.406838695048771459e-01 3.311804399413750127e-02 6.687237439366666703e-01 1.661548153660323546e-02 -4.125497533511787024e-02 9.990106513900076646e-01 -3.482837463684575890e-02
4.325466809400931312e-01 9.010896351657262660e-01 3.068436619576829158e-02 -4.793942695170112067e+00 -9.014342432625894741e-01 4.315354557670373903e-01 3.455608586930718207e-02 5.717033150895860505e-01 1.789680834925631847e-02 -4.260703421970465227e-02 9.989317683349340227e-01 -3.896473053915600060e-02
4.236326972793756362e-01 9.052918750166764061e-01 3.134734558715667613e-02 -4.746106811274927395e+00 -9.056161438045978729e-01 4.225173738044293859e-01 3.659426945768971123e-02 4.639660601389177241e-01 1.988376781472494387e-02 -4.389116487042682424e-02 9.988385939726361906e-01 -4.584327812241560662e-02
4.143539221273723205e-01 9.095596508475355391e-01 3.182403097247404888e-02 -4.700381038935841360e+00 -9.098574994857826503e-01 4.131492660335226441e-01 3.831043593282441873e-02 3.479270780736997692e-01 2.169762327930233742e-02 -4.482938431879315844e-02 9.987591697282037773e-01 -4.364030650896680297e-02
4.051868635945030661e-01 9.136661437763420324e-01 3.222573777720757343e-02 -4.653375417400214431e+00 -9.139434711977320047e-01 4.039174036164865922e-01 3.948101286404058496e-02 2.163236546289134254e-01 2.305600600565631958e-02 -4.544966024236860025e-02 9.987007033725818772e-01 -3.556989281606060677e-02
3.965753371268203598e-01 9.173919912839700874e-01 3.347634172833286598e-02 -4.599932757122659588e+00 -9.177009759304380898e-01 3.952468180005825893e-01 4.006951586013678818e-02 8.678161808644270503e-02 2.352811862226431711e-02 -4.661182458314426513e-02 9.986361300583963541e-01 -2.756961904051189599e-02
3.888201335900560163e-01 9.206578664694418102e-01 3.476692302706260035e-02 -4.545023771689825409e+00 -9.210038949662856522e-01 3.874333747402658457e-01 4.059448654195842165e-02 -5.425880192191112616e-02 2.390385282382849128e-02 -4.780439667344826837e-02 9.985708295908558574e-01 -3.213050337890899222e-02
3.820302515285311507e-01 9.234901926817044027e-01 3.492132142966153374e-02 -4.486820634041921885e+00 -9.238363283252388758e-01 3.806430871272454830e-01 4.047210564537213895e-02 -2.057443694699518100e-01 2.408311706673410546e-02 -4.772312604914088346e-02 9.985704101344149430e-01 -3.889666200752816411e-02
3.765342431735613782e-01 9.257829479160626374e-01 3.389181900868232927e-02 -4.431737402186536556e+00 -9.260997449310557350e-01 3.752229331261238143e-01 3.934127204782395665e-02 -3.626992937119969951e-01 2.370457028945873248e-02 -4.620051433867231744e-02 9.986510733225549830e-01 -3.297464933386316799e-02
3.730946151436947966e-01 9.272374498343657345e-01 3.212294494237728781e-02 -4.372181970025987852e+00 -9.275247268806112722e-01 3.719293172601860764e-01 3.697556452470354693e-02 -5.236856748016798235e-01 2.233774053976540774e-02 -4.359018508373784656e-02 9.987999215353575710e-01 -1.976362663982303772e-02
3.723062912316342232e-01 9.276079135379232676e-01 3.053448796366257240e-02 -4.308075550297711054e+00 -9.279139638670391710e-01 3.713494294506325399e-01 3.280263607859400937e-02 -6.880602775005684180e-01 1.908909811973901610e-02 -4.054598458161137731e-02 9.989954919626301555e-01 -7.068864424544224652e-03
3.730884755778048900e-01 9.273534207217911662e-01 2.866017122445110865e-02 -4.253479064549042121e+00 -9.276754084249881904e-01 3.723636209589911150e-01 2.764816709394178965e-02 -8.465982942304305370e-01 1.496769490071963443e-02 -3.690253438029596905e-02 9.992069542372112867e-01 -1.187794974063220970e-03
3.750314844899695910e-01 9.266270035477682798e-01 2.673151111673123526e-02 -4.192788858658567541e+00 -9.269252440359647682e-01 3.744447785785258720e-01 2.452467880237995182e-02 -1.008631153304057060e+00 1.271583351355963509e-02 -3.397562906505049996e-02 9.993419492355917200e-01 7.336661833580025716e-03
3.783463424763285898e-01 9.253045995194221218e-01 2.581167904704684615e-02 -4.122788653581779705e+00 -9.255705126233269020e-01 3.777635377315813892e-01 2.479322810980972430e-02 -1.176729894733642867e+00 1.319065842938373610e-02 -3.327094463434938226e-02 9.993595050703227844e-01 1.557319976106343908e-02
3.841527392623973469e-01 9.229019877265550731e-01 2.606527556809995830e-02 -4.046611913528448845e+00 -9.231544052750351170e-01 3.835050050804545418e-01 2.665761907339981793e-02 -1.341324180666817245e+00 1.460628844581762960e-02 -3.430285895363159587e-02 9.993049288212701997e-01 1.420012284244256268e-02
3.922604130673964518e-01 9.194716404830347578e-01 2.654209644213286270e-02 -3.965740185648623850e+00 -9.197289526486214228e-01 3.915666638093844854e-01 2.783851058462434233e-02 -1.507654111641117511e+00 1.520380393595004154e-02 -3.533146683472222077e-02 9.992601777431601162e-01 9.607253159915936022e-03
4.020064148827387496e-01 9.152539872290620382e-01 2.649148660403805727e-02 -3.883973465216066234e+00 -9.155193659411023921e-01 4.013222015545983568e-01 2.766888287940433636e-02 -1.669039807367446837e+00 1.469251932733974322e-02 -3.537652454172671157e-02 9.992662327452821458e-01 1.136091438398747003e-02
4.136819091075839561e-01 9.100599434711149627e-01 2.567103164953190089e-02 -3.800393607533403273e+00 -9.103122404569427006e-01 4.130300762296758021e-01 2.717672356211411205e-02 -1.825750554357990607e+00 1.412962471763361955e-02 -3.461116343678821011e-02 9.993011529117398206e-01 1.947692635642632453e-02
4.264695568052694341e-01 9.041544781225304694e-01 2.508448588421555853e-02 -3.712693464940355792e+00 -9.043936691666000227e-01 4.258245078802213590e-01 2.732001865101503502e-02 -1.989270108592017250e+00 1.402001483346555083e-02 -3.433739691912800207e-02 9.993121414612998743e-01 3.243479742587231790e-02
